价格\区间
65.0 0 9 9 5 9 7 3 6 3 14 
65.5 0 22 32 30 24 14 7 6 8 7 
66.0 5 16 30 15 13 7 6 8 3 0 
66.5 7 9 18 8 10 6 3 2 0 0 
67.0 2 8 12 5 5 5 1 0 0 0 
67.5 5 8 6 1 1 0 1 0 1 0 
68.0 10 12 4 3 0 1 0 0 0 0 
68.5 1 4 6 0 0 0 0 0 0 0 
69.0 2 10 3 0 4 0 0 0 0 0 
69.5 3 4 1 0 0 0 0 0 0 0 
70.0 50 38 6 2 0 0 0 0 0 0 
70.5 6 4 0 1 0 0 0 0 0 0 
71.0 1 3 0 0 0 0 0 0 0 0 
71.5 2 3 0 0 0 0 0 0 0 0 
72.0 21 22 15 1 1 0 0 0 0 0 
72.5 7 1 1 0 0 0 0 0 0 0 
73.0 8 1 0 1 0 0 0 0 0 0 
73.5 4 1 0 0 0 0 0 0 0 0 
74.0 5 0 0 0 0 0 0 0 0 0 
74.5 2 0 0 0 0 0 0 0 0 0 
75.0 62 16 0 0 0 0 0 0 0 0 
