纬度 经度 对应任务在7 km内的用户数
22.73004117 114.2408795 40 
22.72704287 114.2996199 34 
22.70131065 114.2336007 44 
22.73235925 114.2866672 37 
22.71839144 114.2575495 41 
22.75392493 114.3819253 10 
22.72404221 114.2721836 40 
22.71937803 114.2732478 41 
22.73028254 114.2304955 37 
22.7187968 114.267027 41 
22.65746229 114.3476957 8 
22.71611614 114.2474716 42 
22.72986374 114.2939012 35 
22.746174 114.285869 32 
22.7333086 114.2943071 35 
22.74551648 114.2744633 35 
22.72282036 114.2654813 41 
22.72492675 114.2731306 39 
22.74551648 114.2744633 35 
22.75335785 114.285655 30 
22.72554895 114.2724564 39 
22.73048185 114.2297108 38 
22.75031119 114.2734629 33 
22.73832325 114.2906521 33 
22.72204702 114.2629243 41 
22.72837483 114.2928568 36 
22.73756811 114.2823889 35 
22.73188624 114.3028398 33 
22.74778137 114.2747219 33 
22.73658843 114.2961774 34 
22.74121631 114.2620083 39 
22.70831192 114.2434107 45 
22.73658843 114.2961774 34 
22.65746229 114.3476957 8 
22.73385612 114.2613534 39 
22.73305308 114.3011875 33 
22.732721 114.261045 40 
22.73287891 114.2611436 40 
22.65746229 114.3476957 8 
22.73581545 114.2735094 38 
22.73156241 114.2875823 37 
22.7167929 114.2703179 43 
22.72610429 114.2414213 41 
22.70601576 114.2416887 46 
22.70584501 114.2428698 46 
22.65746229 114.3476957 8 
22.71886556 114.2658133 41 
22.73806842 114.2664469 39 
22.73841361 114.2769492 38 
22.69864675 114.2417616 45 
22.719527 114.265143 41 
22.65746229 114.3476957 8 
22.72230496 114.2514128 40 
22.71929156 114.2602181 41 
22.73305324 114.2761711 38 
22.71670893 114.2452346 42 
22.72171594 114.2780743 41 
22.73079366 114.2683862 39 
22.71392643 114.237995 45 
22.72085613 114.247361 40 
22.73008534 114.3031914 33 
22.72504817 114.2923585 35 
22.71013195 114.2495414 44 
22.73597693 114.2767908 37 
22.73319874 114.2894757 35 
22.72256534 114.2786661 40 
22.73007657 114.3032102 33 
22.72538813 114.2953439 36 
22.73815392 114.2569106 38 
22.72951735 114.2401706 40 
22.72391473 114.2957052 35 
22.72951735 114.2401706 40 
22.72370574 114.2917726 38 
22.74288185 114.2883525 33 
22.7243195 114.261971 40 
22.72428899 114.2620111 40 
22.65746229 114.3476957 8 
22.72426525 114.296727 35 
22.70931634 114.2465701 44 
22.73052926 114.2806588 39 
22.72020559 114.2920284 38 
22.69916025 114.2432151 45 
22.7870271 114.3308735 8 
22.71626246 114.2704209 43 
22.73533826 114.2594777 39 
22.70468225 114.234143 44 
22.70289012 114.2364959 46 
22.73310324 114.2772374 37 
22.70049094 114.2406953 45 
22.73198737 114.2326041 38 
22.71811748 114.2480026 41 
22.71823136 114.248542 40 
22.73315615 114.2976629 34 
22.7308492 114.2427673 38 
22.71448951 114.2443288 44 
22.74160353 114.2875816 33 
22.72943188 114.2668519 40 
22.729348 114.279054 39 
22.69963949 114.1445579 31 
22.73636566 114.2858926 34 
22.74680488 114.2693444 39 
22.72312465 114.2747366 41 
22.75419616 114.284078 31 
22.72852163 114.2297897 39 
22.70933559 114.2612754 43 
22.73393225 114.2489042 38 
22.73393225 114.2489042 38 
22.71142907 114.2635062 42 
22.7001461 114.2400287 45 
22.65746229 114.3476957 8 
22.57170781 113.9054286 80 
22.69916025 114.2432151 45 
22.58012226 113.8844056 56 
22.57806395 113.8930076 64 
22.57091037 113.9009025 76 
22.72726491 114.3009914 33 
22.73389406 114.2396681 40 
22.56992336 113.9013757 77 
22.58035946 113.8984183 69 
22.56561999 113.8947079 70 
22.56910214 113.8860951 63 
22.57170781 113.9054286 80 
22.55822386 114.0818804 106 
22.58410432 113.9122078 74 
22.57987513 113.8978568 68 
22.57712134 113.8638951 42 
22.57170781 113.9054286 80 
22.57168291 113.8877469 63 
22.57303132 113.8814413 54 
22.57267667 113.8805319 54 
22.58175242 114.1113526 138 
22.58590837 113.8689944 45 
22.57243072 113.8808339 54 
22.58240219 113.9123868 75 
22.58505996 113.8804038 55 
22.5831793 113.8718454 48 
22.56485883 113.9045792 80 
22.58594296 113.8795634 50 
22.56657119 113.9046491 80 
22.58756183 113.9117972 73 
22.58448467 113.9136259 73 
22.5736525 113.8819075 55 
22.58141842 113.9088748 75 
22.58208009 113.9149636 77 
22.59600774 113.8942174 57 
22.58466698 113.9117696 74 
22.58197694 113.9099919 74 
22.58483596 113.907636 71 
22.58198463 113.9089284 74 
22.57383761 113.8956075 72 
22.70743279 113.9300131 52 
22.58376293 113.905228 71 
22.58666121 113.9091719 71 
22.58336455 113.8930415 64 
22.57119236 113.8871773 63 
22.58133203 113.9072224 74 
22.570735 113.888782 65 
22.58551616 113.8933101 64 
22.59407372 113.8948922 62 
22.58541388 113.8931929 64 
22.58551616 113.8933101 64 
22.60766566 113.8585519 35 
22.57622074 113.8767875 51 
22.56510124 113.8858711 63 
22.5931062 113.9021913 71 
22.58700738 113.9231605 76 
22.58750507 113.9071832 72 
22.59051277 113.8960994 65 
22.57711212 113.873867 50 
22.58732409 113.9078329 71 
22.59051277 113.8960994 65 
22.58961102 113.918917 73 
22.57966703 113.8737324 52 
22.5744374 113.8899815 63 
22.58685109 113.8936543 64 
22.58680135 113.8936142 64 
22.57500555 113.8905324 63 
22.59461111 113.9010205 70 
22.56548368 113.894197 69 
22.58145629 113.8647656 45 
22.58095046 113.8998611 69 
22.57756841 113.9026461 74 
22.56975718 113.9104326 83 
22.5861062 113.8943549 65 
22.58166841 113.8803978 54 
22.55544624 113.8991863 75 
22.55443044 113.8943467 70 
22.57352699 113.8751521 52 
22.74690859 114.0246196 30 
22.55592573 113.8918949 72 
22.57721378 113.8818248 54 
22.56233651 113.9076439 79 
22.57483549 113.8811973 53 
22.56840437 113.8955019 71 
22.57179737 113.8938529 71 
22.57991456 113.9186506 79 
22.58118773 113.919615 76 
22.58699587 113.8709936 46 
22.70743279 113.9300131 52 
22.59026789 113.8716802 46 
22.56723379 113.8977448 74 
22.58148284 113.9198961 76 
22.56634249 113.8997181 82 
22.58699587 113.8709936 46 
22.56702598 113.9105272 82 
22.57942148 113.8916572 61 
22.59021636 113.9036465 72 
22.57129816 113.8920232 68 
22.56483939 113.9142709 85 
22.56648854 113.8811251 59 
22.53470014 113.934485 77 
22.56356707 113.8834799 61 
22.58829674 113.8708217 46 
22.57134458 113.894243 69 
22.5643814 113.9089121 81 
22.56392369 113.9068952 79 
22.56417316 113.908003 79 
22.58433891 113.8809909 55 
22.59001679 113.8669876 44 
23.12505187 113.4261179 93 
23.1328338 113.4343643 86 
23.12908146 113.425454 91 
23.15568967 113.4144292 98 
23.12689122 113.4261471 92 
23.13405701 113.401953 106 
23.12689122 113.4261471 92 
23.13146449 113.3995361 106 
23.1243926 113.4262066 94 
23.12922062 113.422686 91 
23.12411148 113.4260987 95 
23.20441423 113.3732346 61 
23.16612927 113.3856429 127 
23.12923272 113.4285739 90 
23.13438526 113.3869839 121 
23.18017757 113.3575718 103 
23.16306207 113.3489867 131 
23.17957517 113.3573318 105 
23.14151184 113.3622198 155 
23.17402066 113.3658252 117 
23.12820124 113.4098039 101 
23.17773454 113.3592463 108 
23.17196247 113.3533515 119 
23.14151184 113.3622198 155 
23.17630829 113.3577083 111 
23.11822805 113.3654361 144 
23.1912179 113.3356676 110 
23.1205956 113.3644074 147 
23.1210796 113.3705992 139 
23.1582894 113.3588341 145 
23.1215785 113.3771234 136 
23.12641073 113.3664706 142 
23.1630241 113.3350317 140 
23.12173317 113.3642769 148 
23.11797902 113.3634212 148 
23.21850801 113.38547 48 
23.16659194 113.3382389 138 
23.21664501 113.391511 47 
23.12116497 113.4259499 97 
23.16612927 113.3856429 127 
23.11974432 113.4242469 96 
23.2032568 113.371018 64 
23.19488528 113.3482489 92 
23.21719106 113.3842337 49 
23.207743 113.3871093 49 
23.16791901 113.333968 138 
23.12054511 113.3786088 136 
23.2066358 113.3301951 92 
23.16389013 113.4163251 91 
23.16825306 113.3381455 134 
23.12768631 113.3370741 177 
23.13175467 113.4083019 99 
23.12652681 113.3397282 175 
23.12252179 113.3355431 180 
23.12769351 113.3375407 176 
23.16515112 113.4156573 90 
23.16156123 113.3040001 178 
23.19965405 113.3471287 87 
23.16612927 113.3856429 127 
23.13075055 113.3357563 190 
23.15618288 113.312235 180 
23.16612927 113.3856429 127 
23.12544156 113.4121673 98 
23.20209388 113.4056993 43 
23.14811461 113.3527602 161 
23.14634409 113.3274108 193 
23.14744653 113.3511514 161 
23.20467801 113.432874 25 
23.13689572 113.3511279 170 
23.14080635 113.3458805 176 
23.15029712 113.3464253 161 
23.13980826 113.3276992 189 
23.12741628 113.4158214 94 
23.1347199 113.3692562 148 
23.13708468 113.3341858 188 
23.13325275 113.3927583 114 
23.14043782 113.3856567 127 
23.13020053 113.3756045 136 
23.13208667 113.3897653 117 
23.13746237 113.3939663 113 
23.1332381 113.3860504 124 
23.11587316 113.4138164 97 
23.17528334 113.3591743 114 
23.13600769 113.3859074 121 
23.13612309 113.3963694 112 
23.11401571 113.4172338 94 
23.11486722 113.4190267 93 
23.11640019 113.4177526 96 
23.14889709 113.3141524 187 
23.14097651 113.3827285 129 
23.13554328 113.3499491 170 
23.1388268 113.3854092 121 
23.1584355 113.3504712 143 
23.11401571 113.4172338 94 
23.15181752 113.3170388 179 
23.14281326 113.376374 142 
23.16518518 113.3251699 155 
23.14179474 113.3769596 141 
23.1381659 113.3728361 141 
23.1381659 113.3728361 141 
23.14174121 113.377658 139 
23.142295 113.3788442 136 
23.16922499 113.3296776 140 
23.14033634 113.3742391 143 
23.18859501 113.3424595 102 
23.14205325 113.3791218 136 
23.1299184 113.3862624 123 
23.19728186 113.3735902 73 
23.13028106 113.3863021 123 
23.17598801 113.359472 111 
23.17212957 113.3267016 136 
23.1475 113.4439109 82 
23.18831874 113.3423526 103 
23.17480316 113.3322298 128 
23.19650484 113.3731917 79 
23.16114801 113.407645 102 
23.14494501 113.34224 172 
23.16612927 113.3856429 127 
23.15972056 113.4046289 105 
23.15892328 113.4010558 110 
23.12688441 113.4190483 94 
23.11859266 113.363084 149 
23.12929222 113.4225656 92 
23.12220706 113.4038838 105 
23.20681869 113.3719943 57 
23.1758545 113.3986552 100 
23.20819295 113.3782438 53 
23.20044124 113.3735598 66 
23.17843172 113.4044495 95 
23.17442846 113.4055186 97 
23.2025618 113.3730311 62 
23.13509985 113.3314282 186 
23.20837788 113.3759994 54 
23.2015648 113.3728935 66 
23.16612927 113.3856429 127 
23.15243901 113.335162 166 
23.20200824 113.3923275 55 
23.14183643 113.3781751 139 
23.20157236 113.3932173 55 
23.16612927 113.3856429 127 
23.15263157 113.3319798 167 
23.13349021 113.4174727 95 
23.11575166 113.4317335 78 
23.11368753 113.4290361 85 
23.12638053 113.3942373 117 
23.1193031 113.4255468 95 
23.19773995 113.4183009 31 
23.20168853 113.3996451 50 
23.13081846 113.3660173 143 
23.12857886 113.3915925 117 
23.19899194 113.4238969 29 
23.1632708 113.3191358 165 
23.16256359 113.320802 166 
23.1284712 113.3912495 116 
23.13205746 113.4221537 91 
23.13422755 113.4403644 80 
23.13285803 113.4363703 84 
23.11279965 113.4187034 91 
23.13344913 113.43629 83 
23.13376665 113.4347543 86 
23.13583071 113.4350654 85 
23.13375072 113.4413379 79 
23.12890686 113.3660867 144 
23.1291518 113.3668751 142 
23.12281346 113.4178167 93 
23.12885506 113.4188679 93 
23.11962203 113.4152453 95 
23.12186551 113.4159949 93 
23.12039061 113.4185514 94 
23.15693214 113.3509639 146 
23.12922062 113.422686 91 
23.13249699 113.4178735 93 
23.12515753 113.3292059 186 
23.12922062 113.422686 91 
23.16964159 113.3892304 121 
23.1402856 113.3760807 141 
23.17610377 113.3747066 120 
23.14206099 113.379267 136 
23.13774085 113.3623959 159 
23.17840518 113.3389591 117 
23.14545882 113.3660191 154 
23.1216073 113.3470553 169 
23.12290431 113.3527004 162 
23.1469423 113.369359 148 
23.16612927 113.3856429 127 
23.16612927 113.3856429 127 
23.1968891 113.3339044 107 
23.16202059 113.3130133 169 
23.19978107 113.4060446 46 
23.17969451 113.3261765 134 
23.12579085 113.4293179 89 
23.16612927 113.3856429 127 
23.14080318 113.350435 167 
23.12530182 113.4031386 105 
23.16732015 113.3237873 156 
23.1212872 113.4070672 102 
23.12759406 113.4087636 101 
23.14004212 113.3796294 135 
23.15532417 113.3310176 163 
23.16612927 113.3856429 127 
23.13711924 113.3898865 118 
23.15512634 113.3308469 164 
23.12565121 113.4288337 90 
23.1486366 113.4428693 81 
23.1745072 113.3612287 116 
23.16612927 113.3856429 127 
23.15713798 113.3418418 153 
23.1383053 113.3650099 159 
23.16376379 113.4356948 79 
23.12723201 113.403614 105 
23.12470045 113.4104321 100 
23.14682911 113.4408893 82 
23.16329001 113.344705 132 
23.11545269 113.402635 112 
23.11665299 113.370997 135 
23.11770618 113.3701314 138 
23.12456025 113.4004077 108 
23.17843093 113.3484722 120 
23.15891441 113.403394 106 
23.11751722 113.3707793 136 
23.13002371 113.401493 106 
23.13236227 113.4009143 106 
23.12326076 113.3772618 137 
23.13044998 113.4046842 104 
23.12791853 113.4032901 105 
23.12936525 113.4034057 105 
23.12636543 113.4019455 105 
23.12926908 113.4012359 106 
23.12686091 113.3989386 107 
23.12865975 113.4003061 107 
23.12767612 113.399922 107 
23.12838811 113.3999267 107 
23.12577436 113.4021331 105 
23.17110001 113.386176 125 
23.1702714 113.3845854 129 
23.169935 113.3873962 125 
23.17088694 113.384945 127 
23.17297534 113.3891679 121 
23.13224525 113.4015337 106 
23.1223545 113.4039966 105 
23.16733018 113.3884603 124 
23.16612705 113.3911312 120 
23.13783116 113.3491553 172 
23.10524047 113.2651575 159 
23.10335599 113.2791487 171 
23.10191316 113.2751669 170 
23.16612927 113.3856429 127 
23.11103724 113.2883062 181 
23.12895676 113.4276409 90 
23.19628164 113.3347933 105 
23.19665542 113.337286 99 
23.10907036 113.2547014 156 
23.13283733 113.4193566 92 
23.10129999 113.2946521 181 
23.10122986 113.2946722 181 
23.1076787 113.3386013 172 
23.0742034 113.3630844 102 
23.10408936 113.3351389 172 
23.0742034 113.3630844 102 
23.06418839 113.362687 92 
23.05671252 113.3457198 98 
23.09089713 113.3003223 174 
23.09919654 113.3296033 167 
23.114957 113.2814447 183 
23.08312711 113.3007523 167 
23.07960516 113.3043783 149 
23.0845868 113.2826599 156 
23.09498583 113.3411369 157 
23.08619006 113.325538 156 
23.10167845 113.3425208 159 
23.10320259 113.3264069 178 
23.11506401 113.281722 185 
23.08098288 113.2878 161 
23.10157845 113.3266995 178 
23.09761507 113.3055911 183 
23.09454748 113.2876803 171 
23.09458181 113.2923934 169 
23.09732543 113.3034853 181 
23.10574469 113.3011106 189 
23.09263632 113.3419836 150 
23.10420069 113.3532167 143 
23.10483155 113.3448499 161 
23.08280922 113.2929272 162 
23.08293112 113.2934438 162 
23.10815359 113.3117107 182 
23.0968528 113.2906035 173 
23.06315734 113.3646997 89 
23.07284432 113.3113609 129 
23.07267048 113.3109996 128 
23.07350832 113.3089423 135 
23.09866075 113.2876385 173 
23.10608204 113.3150025 182 
23.10909927 113.2863779 181 
23.07291504 113.3591541 101 
23.10904524 113.2867449 181 
23.07619087 113.2972712 148 
23.09674521 113.2733857 161 
23.07414653 113.3633138 101 
23.08762923 113.3338413 143 
23.10959733 113.2644583 158 
23.11302326 113.2717933 170 
23.08626228 113.3252833 156 
23.08762923 113.3338413 143 
23.09083386 113.3481028 147 
23.09443038 113.2912593 170 
23.08611484 113.3571097 133 
23.09074297 113.347183 147 
23.08759594 113.2925606 168 
23.06997542 113.2871034 137 
23.09395878 113.2918453 169 
23.09395878 113.2918453 169 
23.07809247 113.2881606 153 
23.10572662 113.3155669 183 
23.08702438 113.3198584 168 
23.07492128 113.2841109 151 
23.08663504 113.3251015 156 
23.08619006 113.325538 156 
23.08762923 113.3338413 143 
23.08777107 113.327694 155 
23.08393271 113.3575898 128 
23.0885492 113.3250723 161 
23.1045085 113.3148747 184 
23.08238575 113.3038992 162 
23.08135228 113.3015904 162 
23.08169015 113.3026379 163 
23.08371758 113.296943 164 
23.08024183 113.2971605 158 
23.08703248 113.2980198 171 
23.08703864 113.3001433 174 
23.10764362 113.2701929 165 
23.09830727 113.2771132 166 
23.06045481 113.3396684 106 
23.08855622 113.3276184 153 
23.05642216 113.3468796 97 
23.07535847 113.2994357 142 
23.09450564 113.3494191 150 
23.0769887 113.306174 139 
23.09830727 113.2771132 166 
23.10764362 113.2701929 165 
23.11502775 113.2691385 170 
23.0908047 113.286799 166 
23.08216973 113.3399428 135 
23.08267459 113.3418352 133 
23.11712058 113.2787457 184 
23.10004705 113.2703402 164 
23.07510657 113.27627 145 
23.10947776 113.2747799 169 
23.08605616 113.2910893 164 
23.08371085 113.2907706 162 
23.09280254 113.3140215 173 
23.09734752 113.3148837 179 
23.0960694 113.3132581 183 
23.08762923 113.3338413 143 
23.08762923 113.3338413 143 
23.09640402 113.3144109 181 
23.09280254 113.3140215 173 
23.08544367 113.3855935 106 
23.09618582 113.3140307 182 
23.09338705 113.3134209 177 
23.09795055 113.3143101 181 
23.09528619 113.3185577 179 
23.09389183 113.3159897 174 
23.09436 113.3167254 175 
23.09389183 113.3159897 174 
23.09716146 113.3136987 183 
23.08762923 113.3338413 143 
23.09389183 113.3159897 174 
23.09409555 113.3163308 174 
23.09420024 113.3188899 175 
23.0878842 113.3451148 139 
23.09692509 113.3269848 166 
23.08973575 113.2976973 175 
23.08308279 113.3399863 133 
23.08637024 113.3412992 132 
23.11019087 113.329128 180 
23.06625282 113.3205315 122 
23.08308279 113.3399863 133 
23.09702401 113.271248 161 
23.09179241 113.3108031 175 
23.08443045 113.3005584 169 
23.09378139 113.3058854 178 
23.07471447 113.309575 135 
23.0938719 113.3071937 175 
23.09236038 113.310923 176 
23.09538155 113.31135 181 
23.09120807 113.3040622 177 
23.09369936 113.3105567 179 
23.1379793 113.2105169 101 
23.09908867 113.3087889 182 
23.08981619 113.3357429 146 
23.08636387 113.3323075 148 
23.07122717 113.2953972 135 
23.07708809 113.2899715 152 
23.08727993 113.3326277 145 
23.08719521 113.3339208 143 
23.08762923 113.3338413 143 
23.06273312 113.3638479 89 
23.07618942 113.2946005 154 
23.07784748 113.2986038 154 
23.10627448 113.3002881 189 
23.1229609 113.2624036 170 
23.08762923 113.3338413 143 
23.07951586 113.2823217 154 
23.11421758 113.285233 187 
23.08762923 113.3338413 143 
23.08205701 113.280943 156 
23.10607866 113.2918264 181 
23.08762923 113.3338413 143 
23.0765992 113.3605562 107 
23.08762923 113.3338413 143 
23.07402047 113.3605711 100 
23.07837933 113.3554514 114 
23.08762923 113.3338413 143 
23.07152743 113.3273101 131 
23.07402047 113.3605711 100 
23.07796368 113.3569347 113 
23.07838549 113.358134 114 
23.07781713 113.3550919 116 
23.08444791 113.3294982 145 
23.07775339 113.3546727 116 
23.07246747 113.323825 133 
23.0718287 113.2890075 143 
23.08065868 113.2770048 148 
23.07294792 113.3250291 131 
23.10737998 113.2957577 183 
23.08762923 113.3338413 143 
23.07094246 113.32752 129 
23.08658267 113.3421038 134 
23.08762923 113.3338413 143 
23.09377133 113.3676052 134 
23.09544271 113.3453691 156 
23.09608467 113.3047565 180 
23.07991274 113.2808283 153 
23.09899171 113.2601142 153 
23.09312304 113.2935605 169 
23.07540145 113.2892083 152 
23.09857836 113.2662736 158 
23.07401136 113.2887508 148 
23.09660821 113.321503 175 
23.09863094 113.3182336 183 
23.10543561 113.2895225 179 
23.0958718 113.3252172 168 
23.12437571 113.2829182 192 
23.08762923 113.3338413 143 
23.08572322 113.3332898 143 
23.09227222 113.3127916 175 
23.09150881 113.3161723 171 
23.0910146 113.3255241 160 
23.10130249 113.3146942 185 
23.09656735 113.3213264 175 
23.10041876 113.333484 167 
23.10104752 113.3364545 170 
23.10275735 113.318254 185 
23.07324994 113.3134624 132 
23.08762923 113.3338413 143 
23.09060267 113.3623609 138 
23.09478623 113.3367409 156 
23.09134812 113.3632169 137 
23.09100546 113.3318167 149 
23.09019405 113.2772433 164 
23.09169795 113.2754754 166 
23.07668521 113.3096702 137 
23.09821801 113.268301 160 
23.10905359 113.3179521 181 
23.10022614 113.2726541 165 
23.06418839 113.362687 92 
23.10274771 113.2711952 165 
23.08249298 113.3850366 107 
23.15365534 113.2342723 149 
23.09735944 113.2842601 174 
23.17204515 113.2813927 167 
23.1972434 113.2627572 116 
23.2075447 113.2432108 89 
23.21081029 113.2450433 87 
23.21081029 113.2450433 87 
23.16551455 113.2295885 126 
23.29451408 113.3313063 39 
23.22906404 113.3128156 90 
23.29451408 113.3313063 39 
23.16551455 113.2295885 126 
23.1882337 113.2684768 140 
23.22172826 113.3087789 96 
23.19082252 113.2724791 134 
23.29451408 113.3313063 39 
23.22152157 113.309553 98 
23.17819414 113.2647026 140 
23.16970076 113.245911 132 
23.17859247 113.2639853 135 
23.29451408 113.3313063 39 
23.22152157 113.309553 98 
23.22075746 113.3080152 97 
23.17664253 113.2559723 133 
23.19684776 113.2734356 126 
23.22620436 113.3073348 93 
23.23160086 113.3106535 87 
23.22385331 113.306929 94 
23.19246089 113.2736317 136 
23.2207284 113.3089485 97 
23.23782901 113.308346 82 
23.22481794 113.3054284 93 
23.16732015 113.2597465 149 
23.23396983 113.3109769 85 
23.19462568 113.2640926 122 
23.23407815 113.3101896 85 
23.23543796 113.2770141 88 
23.17583833 113.2481992 125 
23.19886704 113.2716597 120 
23.21273332 113.2413421 86 
23.16615703 113.2591405 150 
23.22557919 113.3125664 93 
23.1761072 113.2475017 126 
23.149658 113.2253947 134 
23.19928979 113.2671345 113 
23.19993947 113.2613617 107 
23.20932455 113.2579986 93 
23.21080059 113.2590832 91 
23.19803415 113.2646108 116 
23.21021749 113.2556476 93 
23.20841472 113.2577212 93 
23.19797648 113.3331576 108 
23.29451408 113.3313063 39 
23.15870575 113.2662883 172 
23.22596441 113.272686 91 
23.18968038 113.2672583 135 
23.17903723 113.2753205 157 
23.29451408 113.3313063 39 
23.19071731 113.2582008 120 
23.19086356 113.2558512 117 
23.19166658 113.2583624 116 
23.22975601 113.293487 91 
23.20256571 113.3294117 100 
23.24077183 113.2899343 80 
23.17679539 113.2427467 119 
23.24237056 113.2816939 82 
23.29451408 113.3313063 39 
23.19826252 113.2586816 110 
23.20025698 113.3283594 109 
23.24560454 113.2888119 74 
23.29451408 113.3313063 39 
23.24426247 113.2777915 80 
23.24383596 113.2876449 76 
23.21901243 113.3357352 78 
23.24378498 113.2856705 79 
23.22680334 113.3094638 92 
23.13699912 113.3948015 112 
23.17474288 113.2416578 123 
23.24560454 113.2888119 74 
23.24560454 113.2888119 74 
23.15641688 113.2530431 156 
23.220519 113.2340276 82 
23.18848224 113.2338488 90 
23.17973157 113.262242 136 
23.19899749 113.2610729 109 
23.18843764 113.2354044 91 
23.17978401 113.262046 136 
23.18091592 113.2621524 137 
23.16478319 113.2473809 141 
23.19986204 113.258489 106 
23.19638848 113.2725975 125 
23.20526565 113.2611606 94 
23.19331614 113.2401122 98 
23.15994989 113.2278135 132 
23.19746128 113.2366326 88 
23.20118206 113.2627445 107 
23.185965 113.2552556 132 
23.17923709 113.2590134 133 
23.1998715 113.2585149 106 
23.18851763 113.2567373 125 
23.15620952 113.2280859 133 
23.20062261 113.2614293 106 
23.29451408 113.3313063 39 
23.16705287 113.2287605 119 
23.16697007 113.2358627 123 
23.16426121 113.2281478 124 
23.16835494 113.2304667 119 
23.22038167 113.2321281 81 
23.21280913 113.2563331 91 
23.20808563 113.2577813 93 
23.16524223 113.2286286 122 
23.18217853 113.2613571 138 
23.18749279 113.2575708 131 
23.19898134 113.2488865 97 
23.21238008 113.2455835 89 
23.17505201 113.245989 125 
23.21935059 113.2920397 99 
23.17148317 113.2721342 161 
23.25614853 113.3214684 61 
23.17565746 113.2420579 121 
23.21372435 113.2599992 88 
23.29451408 113.3313063 39 
23.17480224 113.2576545 133 
23.17628972 113.2569385 133 
23.19141113 113.2669427 129 
23.18587456 113.2571944 134 
23.22653607 113.2354234 78 
23.16474804 113.26768 166 
23.14899517 113.1701124 40 
23.17905304 113.2571002 132 
23.1726583 113.2597049 138 
23.21972176 113.2312636 81 
23.18428586 113.233682 96 
23.21701057 113.2848997 105 
23.21774241 113.2316159 81 
23.21232983 113.3325744 86 
23.21671701 113.229748 82 
23.16893487 113.2760813 163 
23.21039927 113.331032 87 
23.21301495 113.2392469 86 
23.18289047 113.2501184 128 
23.19890609 113.2732558 123 
23.24022717 113.2930114 83 
23.22301032 113.2559252 86 
23.29451408 113.3313063 39 
23.23640419 113.2853056 88 
23.24560454 113.2888119 74 
23.19697373 113.2484183 97 
23.19232397 113.3463288 93 
23.23654201 113.285113 87 
23.18454838 113.2523117 131 
23.21091918 113.2644936 89 
23.22787383 113.3117009 89 
23.16409511 113.2395024 136 
23.22872783 113.3112224 88 
23.19283563 113.2628347 124 
23.19025492 113.3292015 118 
23.22737521 113.3126598 91 
23.18637825 113.3297315 124 
23.17992592 113.2151645 82 
23.21344409 113.2646931 91 
23.21375646 113.2674042 96 
23.15268275 113.23529 151 
23.29451408 113.3313063 39 
23.17992592 113.2151645 82 
23.15292102 113.2342537 150 
23.29451408 113.3313063 39 
23.17595545 113.2641923 140 
23.17114122 113.2799194 167 
23.23053044 113.2723441 89 
23.16472703 113.2682921 166 
23.18617447 113.3315811 119 
23.16573237 113.2679602 165 
23.18760291 113.3293309 121 
23.17362081 113.2633331 146 
23.18816635 113.3329707 114 
23.17457471 113.2653971 148 
23.22234285 113.2980538 93 
23.22220281 113.2988216 93 
23.18654602 113.3324006 118 
23.17548991 113.2751534 161 
23.22320441 113.2952196 92 
23.15800356 113.2702271 175 
23.18394007 113.2793908 158 
23.15907497 113.2706768 174 
23.22286001 113.299456 95 
23.21638169 113.282026 103 
23.21458458 113.2824032 104 
23.2120392 113.2891444 106 
23.23938801 113.30976 81 
23.21842479 113.2864192 102 
23.2119763 113.2842362 108 
23.21230095 113.2845938 107 
23.21717004 113.284034 102 
23.21435318 113.2820337 104 
23.21252068 113.2844637 107 
23.21643674 113.2890167 103 
23.16048646 113.2704677 169 
23.2039612 113.2704814 106 
23.20637145 113.2285328 83 
23.23628282 113.30108 87 
23.20270245 113.2661344 109 
23.17449779 113.2613051 138 
23.20560732 113.2648246 100 
23.17431501 113.266745 150 
23.24196262 113.349727 69 
23.19493301 113.267895 122 
23.21065722 113.2806479 106 
23.21064085 113.2799764 105 
23.20980726 113.2772582 106 
23.36455785 113.2098988 23 
23.21790117 113.2911809 100 
23.23279101 113.282031 90 
23.23181953 113.2828578 90 
23.21210315 113.2646045 89 
23.20924966 113.2630645 96 
23.17969706 113.3256248 136 
23.23262559 113.2838394 90 
23.2419148 113.296958 78 
23.2258926 113.2607138 87 
23.23220257 113.2828156 89 
23.23220257 113.2828156 89 
23.29451408 113.3313063 39 
23.29451408 113.3313063 39 
23.2265657 113.2962791 90 
23.2265657 113.2962791 90 
23.2265657 113.2962791 90 
23.22499187 113.2319476 79 
23.29451408 113.3313063 39 
23.16855947 113.254759 142 
23.22242701 113.237711 83 
23.22244292 113.2342204 82 
23.22114324 113.2319099 81 
23.22618785 113.2374362 79 
23.22575631 113.232599 76 
23.22082641 113.2298735 80 
23.2306603 113.3056785 90 
23.22332543 113.2744367 94 
23.22050464 113.2826379 100 
23.22450282 113.2720301 91 
23.22129673 113.2727296 95 
23.22288001 113.271505 92 
23.17809539 113.2469203 125 
23.22202087 113.2716705 92 
23.23525067 113.280295 88 
23.22138334 113.27877 97 
23.15633512 113.270731 178 
23.14935422 113.233401 153 
23.23439887 113.3108505 85 
23.14803299 113.2340485 153 
23.17893034 113.2535192 133 
23.20617703 113.278833 109 
23.18598142 113.3309846 120 
23.29451408 113.3313063 39 
23.23434698 113.3108435 85 
23.10252229 113.3221335 182 
23.15363967 113.2398078 154 
23.29451408 113.3313063 39 
23.20298421 113.2302324 87 
23.18333071 113.247069 125 
23.20346559 113.2308918 87 
23.15239717 113.238021 154 
23.15487057 113.2372982 151 
23.18664944 113.2637415 140 
23.15999994 113.2399971 146 
23.15026215 113.2360735 152 
23.15297034 113.4125415 100 
23.29451408 113.3313063 39 
23.19430198 113.2728967 130 
23.20639486 113.2292435 83 
23.16092701 113.239809 142 
23.14912643 113.2260365 133 
23.19303239 113.2758203 135 
23.19530151 113.2762597 124 
23.19340072 113.2758701 134 
23.22453657 113.2546084 85 
23.21937459 113.2495827 87 
23.29451408 113.3313063 39 
23.20332592 113.2585497 96 
23.21593971 113.2473543 87 
23.21633129 113.24781 87 
23.236306 113.3459203 71 
23.24365225 113.280738 82 
23.20444656 113.2620582 98 
23.18588037 113.2543652 132 
23.20229579 113.258312 102 
23.16953657 113.2543605 138 
23.29451408 113.3313063 39 
23.2148451 113.2919583 101 
23.185858 113.2364275 97 
23.21458628 113.2931559 101 
23.21518756 113.3328086 82 
23.21565299 113.3005692 95 
23.21473408 113.2926992 102 
23.21329881 113.2918655 102 
23.21333624 113.290084 104 
23.23043918 113.3089391 87 
23.20949778 113.294132 107 
23.20606336 113.3350641 92 
23.19787458 113.2769683 122 
23.14106036 113.517519 27 
23.20707513 113.3358952 89 
23.19691103 113.3369855 99 
23.19219993 113.2655972 129 
23.2072038 113.3360354 89 
23.23756506 113.3024524 85 
23.17236609 113.2552631 130 
23.2059964 113.3357756 92 
23.22323709 113.2751832 94 
23.13464619 113.3051016 185 
22.736345 114.29276 34 
22.65746229 114.3476957 8 
22.7250156 114.2718812 40 
22.72269971 114.2725735 41 
22.65746229 114.3476957 8 
22.65746229 114.3476957 8 
22.73235925 114.2866672 37 
22.69926799 114.2641916 46 
22.72531133 114.2971672 35 
22.73490154 114.2830585 38 
22.73542986 114.2607239 39 
22.73526214 114.2839997 37 
22.73530136 114.2840665 37 
22.72805604 114.2974051 36 
22.71896733 114.2673088 41 
22.72556414 114.2764771 40 
22.73466108 114.3832577 12 
22.70652075 114.237706 45 
22.70123997 114.2335408 44 
22.722242 114.264709 41 
22.74551648 114.2744633 35 
22.7091761 114.2457202 45 
22.70442389 114.2449521 46 
22.73230316 114.2938262 35 
22.73516654 114.2926211 35 
22.72237661 114.2636763 41 
22.70241604 114.2331824 44 
22.74684355 114.2810882 32 
22.67679151 114.1684238 52 
22.70179996 114.2462511 45 
22.7503764 114.2841118 31 
22.74679997 114.2814093 32 
22.67679151 114.1684238 52 
22.71657334 114.26462 41 
22.72243511 114.260494 41 
22.71594076 114.2641777 41 
22.74990779 114.2852632 31 
22.72222972 114.2627237 41 
22.73898721 114.2916941 33 
22.72459528 114.2756081 41 
22.71974273 114.2483255 40 
22.74903563 114.2854073 31 
22.73073172 114.2289927 39 
22.72554895 114.2724564 39 
22.75249745 114.2854803 31 
22.73188624 114.3028398 33 
22.73382656 114.2614129 39 
22.7331071 114.2526879 39 
22.7342148 114.2613771 39 
22.70831192 114.2434107 45 
22.73970463 114.2927071 32 
22.70895636 114.239904 45 
22.73946157 114.261629 39 
22.65746229 114.3476957 8 
22.65746229 114.3476957 8 
22.700032 114.2367534 44 
22.65746229 114.3476957 8 
22.65746229 114.3476957 8 
22.74788622 114.2847665 31 
22.73635537 114.2619332 39 
22.67455842 114.2277209 43 
22.71199767 114.2468397 43 
22.60951798 114.1294791 113 
22.73173241 114.2616635 40 
22.73836674 114.264899 39 
22.732243 114.261357 40 
22.7344423 114.2863836 34 
22.72216701 114.2663643 41 
22.73875387 114.2830791 34 
22.73574677 114.2728672 38 
22.73297241 114.2872194 36 
22.71786812 114.2729068 42 
22.5708103 114.1445953 113 
22.72570425 114.2277593 41 
22.79120471 114.1055847 31 
22.70458164 114.2378447 45 
22.72080215 114.2680007 41 
22.70677747 114.2341628 44 
22.72570425 114.2277593 41 
22.70011627 114.2462028 45 
22.70011627 114.2462028 45 
22.72905239 114.2260978 39 
22.70316484 114.2478272 45 
22.70150175 114.2336098 44 
22.7341151 114.2769129 37 
22.69864675 114.2417616 45 
22.65746229 114.3476957 8 
22.7355461 114.2705996 39 
22.65746229 114.3476957 8 
22.71895274 114.26092 41 
22.55316139 114.1246391 103 
22.735718 114.262801 39 
22.73194096 114.2749276 38 
22.65746229 114.3476957 8 
22.7322152 114.2746865 38 
22.73198558 114.2752286 38 
22.731477 114.275707 38 
22.73195469 114.2752788 38 
22.72855155 114.2641527 40 
22.73456321 114.2748302 38 
22.7341565 114.2745946 38 
22.73305324 114.2761711 38 
22.73456648 114.2711724 39 
22.72789728 114.2642955 40 
22.74214041 114.2634722 39 
22.72272447 114.2509725 40 
22.72171594 114.2780743 41 
22.71392643 114.237995 45 
22.72115584 114.24764 40 
22.72639295 114.2470148 40 
22.70880822 114.2351312 45 
22.73556427 114.2758378 38 
22.73720479 114.2541654 38 
22.73652626 114.2751445 38 
22.73335327 114.271844 39 
22.73007657 114.3032102 33 
22.73563279 114.2781459 38 
22.72442564 114.2919969 36 
22.72325227 114.2995404 35 
22.72823238 114.2624803 40 
22.72538813 114.2953439 36 
22.7307068 114.2656576 40 
22.722555 114.301004 34 
22.72904357 114.2638435 40 
22.725358 114.261811 40 
22.727814 114.260776 41 
22.59509216 114.1209645 130 
22.73350323 114.2839298 38 
22.73221664 114.2567647 40 
22.65746229 114.3476957 8 
22.59509216 114.1209645 130 
22.73177451 114.2492856 39 
22.72375496 114.2615501 41 
22.73337445 114.2775156 37 
22.73533826 114.2594777 39 
22.73132808 114.2403392 40 
22.69828145 114.2436941 45 
22.73533826 114.2594777 39 
22.723003 114.269186 39 
22.69958647 114.2421262 45 
22.70415964 114.2345823 44 
22.65746229 114.3476957 8 
22.69859979 114.2430947 45 
22.70004714 114.2402084 45 
22.7026585 114.2364309 46 
22.65746229 114.3476957 8 
22.700952 114.235173 44 
22.72905166 114.2782714 39 
22.59671787 114.4823321 1 
22.70190763 114.2362357 45 
22.65746229 114.3476957 8 
22.74655125 114.2697451 39 
22.74031987 114.2862907 33 
22.71811748 114.2480026 41 
22.72961404 114.2445572 38 
22.74120498 114.2878247 33 
22.71102811 114.2369819 44 
22.72853255 114.2437285 38 
22.732041 114.297093 34 
22.73258234 114.2324722 38 
22.73412088 114.2814727 39 
22.73792076 114.2811252 37 
22.73801302 114.2815155 37 
22.71524652 114.2459915 41 
22.7307581 114.2424576 39 
22.64797517 114.237841 32 
22.70838561 114.2383159 44 
22.73801302 114.2815155 37 
22.63892492 114.5130004 0 
22.73202618 114.2323695 38 
22.7284182 114.2362671 39 
22.723273 114.2754344 41 
22.70964989 114.2611294 43 
22.7101966 114.2527857 45 
22.74101327 114.2678781 38 
22.72673316 114.2735391 38 
22.70044834 114.2409769 45 
22.73391699 114.2351752 39 
22.73354498 114.2417163 39 
22.69891398 114.2397181 45 
22.73248785 114.2374423 40 
22.70023796 114.239063 45 
22.73434232 114.2359449 39 
22.73389406 114.2396681 40 
22.57393075 113.8960683 73 
22.70285781 114.2351984 44 
22.70375668 114.2361072 46 
22.70135788 114.2380673 45 
22.70355002 114.2364764 46 
22.57170781 113.9054286 80 
22.57514149 113.8960094 71 
22.57498525 113.8967105 73 
22.57329032 113.8982118 73 
22.57208701 113.9050434 80 
22.57170781 113.9054286 80 
22.57090061 113.9002321 75 
22.58466698 113.9117696 74 
22.58466698 113.9117696 74 
22.58079663 113.8673371 45 
22.56574903 113.8948382 71 
22.58286164 113.9106085 74 
22.58466698 113.9117696 74 
22.57076412 113.8772541 53 
22.58639426 113.866136 43 
22.58032008 113.8983582 67 
22.57185771 113.8777792 53 
22.59219208 113.866349 44 
22.5963842 113.9044936 72 
22.56746423 113.8986769 76 
22.58787964 113.8661848 43 
22.58503773 113.8709198 47 
22.58787964 113.8661848 43 
22.58237794 113.9134731 75 
22.58569297 113.868949 45 
22.56777274 113.9082635 82 
22.56305545 113.902642 80 
22.58175242 114.1113526 138 
22.58175242 114.1113526 138 
22.56305545 113.902642 80 
22.56381198 113.8943855 71 
22.58505996 113.8804038 55 
22.567487 113.912186 83 
22.56371285 113.8906413 66 
22.58505996 113.8804038 55 
22.58485611 113.8804518 55 
22.5844226 113.8705045 47 
22.58491335 113.8798055 53 
22.58665744 113.9007896 68 
22.56001238 113.8966855 77 
22.55994522 113.9092287 81 
22.58815192 113.9024624 70 
22.58005616 113.9179984 79 
22.66929059 113.8178262 45 
22.58333928 113.8736621 49 
22.58130333 113.916484 76 
22.57966228 113.8765668 53 
22.5834227 113.8736621 49 
22.58536351 113.8758489 49 
22.574552 113.9023326 75 
22.58407411 113.875928 50 
22.56674424 113.9049221 80 
22.56427777 113.9017208 81 
22.56339727 113.900948 81 
22.58466984 113.8765473 50 
22.58399642 113.8761775 50 
22.53835813 113.9256918 81 
22.56899572 113.920738 86 
22.58646502 113.9083893 70 
22.58256967 113.9075724 73 
22.58210228 113.9084619 74 
22.58078574 113.9069813 75 
22.58170945 113.9080152 74 
22.580747 113.880359 53 
22.58280433 113.9046467 71 
22.57231277 113.8860783 60 
22.58298546 113.8928811 62 
22.58710274 113.9096838 71 
22.70743279 113.9300131 52 
22.58264451 113.9104378 75 
22.58130002 113.8912427 61 
22.59407372 113.8948922 62 
22.5777155 113.8761729 51 
22.57990534 113.8820968 55 
22.570735 113.888782 65 
22.5844493 113.9016649 67 
22.58447308 113.8933025 65 
22.59051277 113.8960994 65 
22.58156106 113.8911684 61 
22.57622074 113.8767875 51 
22.59051277 113.8960994 65 
22.58156106 113.8911684 61 
22.58551616 113.8933101 64 
22.58975974 113.9195555 72 
22.83560706 113.981193 3 
22.58657224 113.8948959 66 
22.58714232 113.92269 76 
22.5931062 113.9021913 71 
22.58662304 113.894923 66 
22.58704292 113.9070484 70 
22.57870726 113.8713344 48 
22.70743279 113.9300131 52 
22.58750507 113.9071832 72 
22.58702486 113.8798536 51 
22.5765008 113.8737567 51 
22.57539261 113.8912634 65 
22.57459415 113.8718554 49 
22.57609517 113.8906835 62 
22.5775761 113.8823847 55 
22.57722035 113.8746355 51 
22.5775761 113.8823847 55 
22.58138757 113.8648453 45 
22.5865403 113.8939175 65 
22.5650574 113.9148933 85 
22.55737888 113.9022956 79 
22.58680135 113.8936142 64 
22.83560706 113.981193 3 
22.58696366 113.8682111 45 
22.58138401 113.8873563 57 
22.58799559 113.8819219 53 
22.70743279 113.9300131 52 
22.57713838 113.8815121 54 
22.57422767 113.8796345 53 
22.57414978 113.8793988 53 
22.57254222 113.8756012 52 
22.56988703 113.9002529 77 
22.55494197 113.8925648 71 
22.58196682 113.8926201 61 
22.5819847 113.8802641 53 
22.59056162 113.8711638 45 
22.56370666 113.9040123 80 
22.56331309 113.9042475 80 
22.58990279 113.8898939 59 
22.56634249 113.8997181 82 
22.56623392 113.9004497 82 
22.58699587 113.8709936 46 
22.58699587 113.8709936 46 
22.5896745 113.9037767 73 
22.59101334 113.9031454 71 
22.57325564 113.9087706 81 
22.56947268 113.8957334 72 
22.59542882 113.9002998 68 
22.59188831 113.8995566 66 
22.57149045 113.9052479 80 
22.57321737 113.9060088 78 
22.56648854 113.8811251 59 
22.57149045 113.9052479 80 
22.57733564 113.9020945 74 
22.70743279 113.9300131 52 
22.58112485 113.8957339 63 
22.58839284 113.8676965 43 
22.5829664 113.8942729 63 
22.57467328 113.8863806 59 
22.59097019 113.8858211 53 
22.58246985 113.8750986 50 
22.53470014 113.934485 77 
22.56437541 113.9074273 79 
22.56385438 113.908109 79 
22.58464742 113.8803318 54 
23.13146449 113.3995361 106 
23.12689122 113.4261471 92 
23.13146449 113.3995361 106 
23.12689122 113.4261471 92 
23.12719274 113.3212495 188 
23.13146449 113.3995361 106 
23.12689122 113.4261471 92 
23.13197292 113.3903746 116 
23.12665585 113.4158818 94 
23.12713794 113.410755 100 
23.16612927 113.3856429 127 
23.16612927 113.3856429 127 
23.16612927 113.3856429 127 
23.13074417 113.3978813 106 
23.13015565 113.4051322 104 
23.17348211 113.3608287 117 
23.12821529 113.4098525 101 
23.12630806 113.3197948 186 
23.12534511 113.4225283 94 
23.16439466 113.3047181 175 
23.14258247 113.3667378 156 
23.17666822 113.3620684 111 
23.17968896 113.3566751 105 
23.17387583 113.3594224 116 
23.17768665 113.3552943 112 
23.18051066 113.3578814 103 
23.16294539 113.3351079 140 
23.12027974 113.3625727 150 
23.15764978 113.3600448 147 
23.12616303 113.3779438 134 
23.15843 113.3582196 145 
23.15770545 113.3596657 148 
23.12027974 113.3625727 150 
23.18105596 113.3487012 114 
23.11850261 113.3648677 144 
23.11561808 113.3698543 137 
23.12188309 113.3631217 150 
23.17686221 113.3466704 121 
23.1232621 113.3705259 141 
23.16612927 113.3856429 127 
23.1599832 113.327562 167 
23.11704781 113.4236968 94 
23.15825359 113.3231669 172 
23.11967086 113.4234938 95 
23.13450356 113.3844024 125 
23.2065107 113.3774832 55 
23.17719024 113.3495078 118 
23.16611314 113.3381535 138 
23.17371213 113.3292307 135 
23.16611314 113.3381535 138 
23.16827689 113.3335065 141 
23.20192511 113.3714968 65 
23.16764912 113.3373636 136 
23.17719024 113.3495078 118 
23.12514889 113.4121114 98 
23.12648068 113.3346089 182 
23.12768631 113.3370741 177 
23.12239358 113.3364248 177 
23.16363731 113.4181906 88 
23.13548353 113.3508617 169 
23.18035058 113.3501187 115 
23.14542487 113.3508006 164 
23.13137513 113.4182555 93 
23.15758988 113.3603352 147 
23.17869957 113.3504804 117 
23.14846156 113.3521911 160 
23.1269365 113.4158015 94 
23.18559906 113.4272845 56 
23.12325301 113.409326 100 
23.21229199 113.3351799 84 
23.12677667 113.4156116 94 
23.13654075 113.3327505 188 
23.19040909 113.3668925 91 
23.13983198 113.3459426 174 
23.13680577 113.3315495 190 
23.13551006 113.3410369 179 
23.13727514 113.3372919 181 
23.13817712 113.3374182 178 
23.13708955 113.328776 191 
23.14101573 113.3400366 181 
23.1488008 113.3367353 167 
23.14607776 113.3514674 163 
23.13678979 113.3277248 186 
23.14748142 113.328281 186 
23.14646718 113.3454528 167 
23.14075167 113.3276629 189 
23.13380552 113.3510779 170 
23.14154175 113.3352617 185 
23.13561289 113.3283764 190 
23.13432054 113.3282204 190 
23.14131079 113.3271778 190 
23.13473456 113.3844024 124 
23.1348755 113.3510779 168 
23.11210082 113.4205127 93 
23.1332381 113.3860504 124 
23.12414195 113.4184381 94 
23.12851006 113.385554 125 
23.13751101 113.3887286 119 
23.17528334 113.3591743 114 
23.133459 113.3927599 114 
23.13541222 113.3868445 121 
23.1329009 113.386755 122 
23.13746237 113.3939663 113 
23.13254469 113.3923305 114 
23.13195489 113.3960025 112 
23.13332204 113.3929637 114 
23.13640029 113.3909426 117 
23.16612927 113.3856429 127 
23.13634096 113.3902345 118 
23.139168 113.3899453 117 
23.13856931 113.3879211 119 
23.13827848 113.3442595 177 
23.12659899 113.3184307 185 
23.13513458 113.3458752 176 
23.13660804 113.3445094 178 
23.11401571 113.4172338 94 
23.13817005 113.3495292 171 
23.1412689 113.3755147 142 
23.14141421 113.3763716 142 
23.16612927 113.3856429 127 
23.13480046 113.3496489 173 
23.18220065 113.3507131 112 
23.16612927 113.3856429 127 
23.16899087 113.3272302 142 
23.13053672 113.4266885 90 
23.17201533 113.3262802 136 
23.13053672 113.4266885 90 
23.12994731 113.3865783 122 
23.19729133 113.3735603 73 
23.12569654 113.4261346 92 
23.12991815 113.4225633 91 
23.16612927 113.3856429 127 
23.14688193 113.3370643 175 
23.18873396 113.3426464 102 
23.20342299 113.3729321 62 
23.13321387 113.3865685 122 
23.13266355 113.4163284 95 
23.1388268 113.3854092 121 
23.1596788 113.4061139 104 
23.11999581 113.4044682 106 
23.12774154 113.3499004 164 
23.12849295 113.3506186 163 
23.16612927 113.3856429 127 
23.15143167 113.3434853 161 
23.14142015 113.3436299 177 
23.14959161 113.3497039 161 
23.14468275 113.3470554 169 
23.20600271 113.3716077 60 
23.14963703 113.3467649 161 
23.14909746 113.3476144 162 
23.14709751 113.3441724 169 
23.20756556 113.3749618 56 
23.20317307 113.3738024 61 
23.15255891 113.3322385 167 
23.17843172 113.4044495 95 
23.15263157 113.3319798 167 
23.2043271 113.3733393 61 
23.12647416 113.4134182 96 
23.15617501 113.329269 167 
23.15133928 113.3277149 177 
23.13266369 113.4157032 95 
23.15180501 113.335155 166 
23.14751402 113.3299499 187 
23.13004651 113.3803827 131 
23.13317257 113.4156825 96 
23.12543383 113.3643246 149 
23.20200824 113.3923275 55 
23.12703338 113.3643038 147 
23.20168853 113.3996451 50 
23.16612927 113.3856429 127 
23.10421223 113.3799693 128 
23.13217801 113.378304 134 
23.13127899 113.3777383 135 
23.1565755 113.3742504 139 
23.13679863 113.4352589 84 
23.13167873 113.4103259 99 
23.12964661 113.3227738 184 
23.18805487 113.3426541 102 
23.12599406 113.4092884 101 
23.13018356 113.3650205 145 
23.13244884 113.3476187 173 
23.1300382 113.3563747 154 
23.14567525 113.353414 163 
23.14567525 113.353414 163 
23.13266355 113.4163284 95 
23.16612927 113.3856429 127 
23.12941507 113.421894 93 
23.13092571 113.4169821 94 
23.12788294 113.4224692 93 
23.1315795 113.4206369 92 
23.13044548 113.3569604 156 
23.16612927 113.3856429 127 
23.16612927 113.3856429 127 
23.12396672 113.3252447 187 
23.14507604 113.336102 179 
23.12450363 113.3271153 193 
23.13208063 113.3275386 186 
23.13197869 113.3264132 189 
23.14143644 113.364532 156 
23.12357872 113.325066 185 
23.12167394 113.3242589 184 
23.11304078 113.4245808 89 
23.14773422 113.3682532 148 
23.20558864 113.3926252 50 
23.12057422 113.3426641 168 
23.12591412 113.3234838 187 
23.16612927 113.3856429 127 
23.16612927 113.3856429 127 
23.12676802 113.3245208 188 
23.14013522 113.3797979 135 
23.16612927 113.3856429 127 
23.12195703 113.3462146 170 
23.14206099 113.379267 136 
23.13535117 113.3218998 189 
23.13039963 113.3455895 176 
23.17892257 113.3400783 114 
23.12034718 113.3432897 168 
23.16554821 113.28465 178 
23.19964558 113.3760509 68 
23.12530182 113.4031386 105 
23.17912801 113.419112 77 
23.18429338 113.327348 127 
23.17937189 113.3279819 135 
23.1968891 113.3339044 107 
23.16612927 113.3856429 127 
23.12832875 113.3666761 142 
23.13724964 113.3749859 138 
23.15532417 113.3310176 163 
23.16612927 113.3856429 127 
23.15532417 113.3310176 163 
23.12466861 113.4096942 100 
23.12383473 113.4086456 101 
23.13355601 113.4404129 80 
23.12767689 113.4079193 101 
23.16612927 113.3856429 127 
23.12788596 113.4050732 105 
23.1212872 113.4070672 102 
23.14637364 113.4417923 82 
23.12847237 113.4094135 101 
23.16878915 113.4199598 85 
23.1344562 113.3652092 151 
23.13438526 113.3869839 121 
23.12359974 113.429361 91 
23.16612927 113.3856429 127 
23.12382008 113.3997207 108 
23.12919481 113.3876633 121 
23.12282287 113.3975231 110 
23.12250187 113.4027422 106 
23.13002371 113.401493 106 
23.12713377 113.376333 138 
23.12992359 113.4046004 105 
23.13002371 113.401493 106 
23.12628673 113.4066537 102 
23.12857448 113.3990427 108 
23.12559859 113.4022057 105 
23.13897792 113.349357 170 
23.1235878 113.4025907 106 
23.17017578 113.387848 124 
23.19751235 113.3420008 93 
23.16549805 113.3877697 127 
23.16734838 113.3850509 129 
23.12895676 113.4276409 90 
23.08762923 113.3338413 143 
23.07526596 113.3061961 137 
23.07431922 113.3079451 133 
23.08844666 113.3151908 169 
23.07495823 113.3081202 133 
23.10950986 113.3793362 135 
23.05671252 113.3457198 98 
23.07471333 113.3098841 136 
23.10905189 113.3004557 188 
23.10452274 113.2748778 170 
23.1038499 113.2969338 188 
23.09982701 113.3295697 167 
23.10402876 113.296129 187 
23.10206968 113.2946714 182 
23.1038499 113.2969338 188 
23.1018158 113.3326661 168 
23.09651471 113.318158 180 
23.09683953 113.3041285 182 
23.08119079 113.32552 148 
23.10196853 113.326689 178 
23.10171723 113.3302597 174 
23.07960516 113.3043783 149 
23.10130249 113.3146942 185 
23.10161201 113.290321 177 
23.10093176 113.2752827 165 
23.10339376 113.3439109 161 
23.10022669 113.4064004 99 
23.10409692 113.3891577 122 
23.10807065 113.3136075 182 
23.08222922 113.2924188 164 
23.08762923 113.3338413 143 
23.09698354 113.2927236 174 
23.09032863 113.3268297 156 
23.10393906 113.3143144 185 
23.09447782 113.2911732 170 
23.07465443 113.3104149 134 
23.07695406 113.2998266 149 
23.10851879 113.2598354 155 
23.0758961 113.36097 105 
23.09221425 113.2906756 168 
23.1119085 113.268664 165 
23.10795801 113.3142908 183 
23.10792293 113.3140492 183 
23.09083386 113.3481028 147 
23.0737221 113.2845406 147 
23.08762923 113.3338413 143 
23.09238596 113.3492911 147 
23.07239962 113.2879002 144 
23.1084114 113.3373186 174 
23.07914179 113.2886298 155 
23.08677367 113.2972262 167 
23.07684881 113.3075814 138 
23.08258406 113.3040917 161 
23.08672971 113.3008221 177 
23.08733648 113.3290483 153 
23.07546247 113.2981229 141 
23.08733648 113.3290483 153 
23.10995874 113.2783032 173 
23.07607701 113.297356 147 
23.0917107 113.4135581 92 
23.08593834 113.281807 156 
23.06725712 113.3273701 124 
23.07613272 113.3065652 138 
23.07065979 113.3097507 128 
23.07039221 113.3052604 129 
23.07698687 113.3062944 139 
23.07731943 113.3010596 144 
23.09987585 113.3128431 184 
23.09931193 113.3136465 184 
23.08762923 113.3338413 143 
23.08762923 113.3338413 143 
23.09389183 113.3159897 174 
23.09712247 113.3142105 182 
23.09285199 113.3088446 177 
23.09604107 113.318256 179 
23.09689874 113.2719889 162 
23.10093176 113.2752827 165 
23.09632042 113.274793 165 
23.09265095 113.3193769 173 
23.09555317 113.318131 178 
23.09503502 113.3069376 177 
23.10901096 113.3064905 186 
23.09255349 113.3063001 176 
23.08572322 113.3332898 143 
23.08805182 113.2932511 168 
23.08443045 113.3005584 169 
23.09236038 113.310923 176 
23.07714796 113.2900116 152 
23.0716011 113.2948965 136 
23.09647399 113.2651525 156 
23.1065111 113.3208103 183 
23.09506187 113.303046 183 
23.09506187 113.303046 183 
23.11451284 113.2830336 186 
23.08745299 113.2871072 166 
23.08895869 113.2894971 163 
23.08559159 113.2844885 158 
23.08146501 113.281498 158 
23.10605419 113.2994464 189 
23.07499516 113.295539 141 
23.09861352 113.2829233 175 
23.08762923 113.3338413 143 
23.1229609 113.2624036 170 
23.10260563 113.2800968 170 
23.08762923 113.3338413 143 
23.10166714 113.2622021 156 
23.09313946 113.3020469 180 
23.08762923 113.3338413 143 
23.0917107 113.4135581 92 
23.10580377 113.2939866 182 
23.10940856 113.2816397 178 
23.07775339 113.3546727 116 
23.09790354 113.32271 173 
23.07026061 113.3288602 127 
23.07128795 113.288387 143 
23.07130722 113.2895576 142 
23.07281198 113.3229521 136 
23.10786555 113.291932 181 
23.08762923 113.3338413 143 
23.08762923 113.3338413 143 
23.09334428 113.2955808 171 
23.09700901 113.260711 153 
23.08762923 113.3338413 143 
23.08762923 113.3338413 143 
23.0917107 113.4135581 92 
23.10219818 113.2597322 155 
23.09754365 113.3186761 181 
23.08762923 113.3338413 143 
23.09953178 113.3176318 184 
23.08762923 113.3338413 143 
23.12721711 113.2784492 192 
23.09591553 113.3218488 174 
23.09168599 113.3191103 174 
23.09265998 113.3294557 155 
23.07684881 113.3075814 138 
23.09263391 113.3626296 139 
23.075812 113.2986129 142 
23.08612182 113.3324958 145 
23.09163649 113.3185607 173 
23.07052779 113.31686 125 
23.09894301 113.287792 173 
23.09265301 113.276923 167 
23.09193152 113.3341982 151 
23.09489198 113.2801737 169 
23.09238924 113.3613322 139 
23.11562445 113.2891822 187 
23.07668521 113.3096702 137 
23.10989837 113.2997111 186 
23.10857201 113.31583 182 
23.10846133 113.3094728 183 
23.0679458 113.3188794 122 
23.10902612 113.3035352 188 
23.10444656 113.2696277 165 
23.08762923 113.3338413 143 
23.08920967 113.2793408 163 
23.15690124 113.2655056 172 
23.09821801 113.268301 160 
23.09922949 113.3293998 168 
23.26872801 113.307638 59 
23.17035895 113.2293606 118 
23.19710927 113.2630462 116 
23.15526685 113.2519062 156 
23.20811235 113.2437689 89 
23.15181322 113.2323533 144 
23.19857613 113.2619219 111 
23.17849031 113.2650815 142 
23.1777654 113.2725093 152 
23.17099843 113.2765754 164 
23.19082252 113.2724791 134 
23.17907562 113.2725104 152 
23.16790989 113.2462342 133 
23.17625933 113.2780269 167 
23.22504963 113.3086006 93 
23.22121278 113.3060266 95 
23.22111554 113.3093186 97 
23.22210401 113.306686 96 
23.22239001 113.307514 96 
23.22219201 113.307905 96 
23.2207284 113.3089485 97 
23.19625055 113.2756209 124 
23.1968265 113.2742338 124 
23.22866101 113.313335 87 
23.22586384 113.3117601 92 
23.19645089 113.2746129 124 
23.22479721 113.3121255 94 
23.29451408 113.3313063 39 
23.23162617 113.309621 86 
23.29451408 113.3313063 39 
23.22481794 113.3054284 93 
23.22903525 113.31095 89 
23.23129397 113.3115257 87 
23.16398501 113.259348 151 
23.21564135 113.2876109 107 
23.1838535 113.2470508 123 
23.29451408 113.3313063 39 
23.23534819 113.2759616 88 
23.16568785 113.2558222 149 
23.23129397 113.3115257 87 
23.21273332 113.2413421 86 
23.19739349 113.2664449 120 
23.29451408 113.3313063 39 
23.19739349 113.2664449 120 
23.19740076 113.267063 121 
23.19715136 113.2662565 120 
23.19654017 113.2689274 123 
23.17598366 113.2480568 126 
23.1431788 113.2806584 188 
23.17645412 113.2630835 137 
23.19701417 113.3327588 111 
23.19856499 113.3331124 108 
23.17880966 113.2460895 124 
23.19770782 113.2790811 123 
23.19904075 113.2636778 111 
23.20893879 113.2551502 93 
23.21138061 113.2589472 91 
23.24167527 113.2813986 83 
23.1982075 113.2634835 113 
23.19648201 113.270398 122 
23.19112642 113.2561005 116 
23.2287019 113.2925815 91 
23.21225009 113.2757043 99 
23.21221834 113.2778106 103 
23.22843595 113.293573 92 
23.2258322 113.2730093 91 
23.23158622 113.2643764 86 
23.23158622 113.2643764 86 
23.19821157 113.1471934 18 
23.19703426 113.3473491 88 
23.22628842 113.2726572 91 
23.29451408 113.3313063 39 
23.20250399 113.3292359 99 
23.16495618 113.2412468 134 
23.21529796 113.2815603 103 
23.33185604 113.3038053 23 
23.18569596 113.2527107 130 
23.19688753 113.3384228 96 
23.24172154 113.2884332 79 
23.2398074 113.2909599 83 
23.2398074 113.2909599 83 
23.2420317 113.289767 80 
23.20528599 113.3257733 94 
23.24268189 113.2853742 79 
23.24380933 113.2925483 74 
23.20946083 113.3309223 87 
23.2267335 113.3123142 91 
23.24560454 113.2888119 74 
23.15633901 113.255376 158 
23.24499829 113.285723 75 
23.1744427 113.2416475 126 
23.18843764 113.2354044 91 
23.19465098 113.2608738 117 
23.2264976 113.3075051 91 
23.20072258 113.1651197 25 
23.29451408 113.3313063 39 
23.21926509 113.3355758 78 
23.16493367 113.2380315 132 
23.18611357 113.2542752 132 
23.1726583 113.2597049 138 
23.18111474 113.2610883 136 
23.18193083 113.2626624 139 
23.18071468 113.2624333 138 
23.18012566 113.2623721 136 
23.1793761 113.261655 134 
23.19465315 113.2639331 122 
23.17922035 113.2614401 134 
23.20081357 113.2619504 106 
23.29451408 113.3313063 39 
23.17901813 113.2594178 133 
23.16818649 113.2715772 163 
23.19241952 113.2395334 97 
23.16688491 113.2732741 166 
23.15945918 113.2266535 130 
23.15877019 113.2276922 133 
23.16717621 113.2715067 164 
23.22477976 113.3107911 93 
23.21757854 113.2579899 88 
23.2168788 113.2378364 82 
23.18204867 113.2607891 138 
23.20189345 113.3296657 102 
23.16873137 113.2715233 163 
23.16616134 113.2715405 165 
23.17465404 113.2432633 124 
23.2098914 113.2377288 86 
23.29451408 113.3313063 39 
23.29451408 113.3313063 39 
23.19898134 113.2488865 97 
23.24234814 113.2261859 51 
23.22632408 113.236442 78 
23.17459444 113.246055 124 
23.19048827 113.2636533 128 
23.17983493 113.2576488 133 
23.18587456 113.2571944 134 
23.18086336 113.2565436 134 
23.21324038 113.3333756 85 
23.21174194 113.3315996 87 
23.14236589 113.2254852 143 
23.18846528 113.2594175 126 
23.29451408 113.3313063 39 
23.21157833 113.3318833 86 
23.21650022 113.2368489 82 
23.18456675 113.2522467 131 
23.2235812 113.254971 86 
23.16673643 113.2579176 149 
23.2235812 113.254971 86 
23.20000441 113.3314981 108 
23.2177773 113.2881101 101 
23.19890609 113.2732558 123 
23.20075512 113.27751 114 
23.20003601 113.2742156 116 
23.23709476 113.2837807 84 
23.23536283 113.2856239 87 
23.20022701 113.27195 116 
23.22155066 113.2359355 83 
23.23681619 113.2882604 86 
23.22793129 113.3115563 89 
23.1930726 113.2609633 122 
23.23715046 113.2912609 85 
23.22728751 113.3116174 90 
23.18454838 113.2523117 131 
23.18942726 113.3290308 117 
23.1930726 113.2609633 122 
23.21091918 113.2644936 89 
23.21091918 113.2644936 89 
23.21120299 113.2642363 89 
23.18970926 113.3262023 117 
23.2142451 113.2651987 91 
23.19266043 113.2719688 130 
23.29451408 113.3313063 39 
23.29451408 113.3313063 39 
23.17608227 113.2627872 136 
23.17444421 113.2649172 148 
23.15176041 113.233343 150 
23.424401 113.3183627 9 
23.1634267 113.2682868 166 
23.16811252 113.2762021 165 
23.18713812 113.3367782 108 
23.19009436 113.3431422 102 
23.17725985 113.2642174 140 
23.21273107 113.2477632 89 
23.17633701 113.277165 164 
23.18649004 113.3361458 110 
23.20909233 113.2483839 91 
23.18700194 113.3342532 113 
23.18447888 113.3385962 115 
23.22282685 113.2959984 93 
23.22233557 113.2976418 94 
23.21320536 113.287871 106 
23.22324771 113.2958978 91 
23.22324771 113.2958978 91 
23.21485182 113.2815247 104 
23.2137802 113.2843417 108 
23.2114839 113.2851633 109 
23.23820871 113.298803 84 
23.21698401 113.288298 102 
23.2109831 113.275621 104 
23.21875905 113.2886887 101 
23.21200718 113.2793396 105 
23.23812868 113.3024835 85 
23.21436627 113.2703356 97 
23.15996229 113.270095 170 
23.19262682 113.266279 129 
23.16712061 113.2699359 163 
23.23998153 113.3104757 81 
23.20357155 113.2303741 86 
23.20387275 113.2657423 104 
23.21233563 113.2572402 91 
23.20530823 113.2645219 103 
23.20503763 113.2651111 103 
23.21063304 113.2650988 89 
23.20034908 113.2690269 114 
23.21064205 113.2851849 111 
23.23270002 113.27977 87 
23.21098793 113.279291 104 
23.23029701 113.279492 89 
23.21764716 113.2895198 102 
23.20913873 113.2636757 96 
23.22818832 113.2926425 92 
23.22645368 113.2981238 90 
23.23437826 113.2817943 87 
23.23024749 113.2814387 90 
23.23270002 113.27977 87 
23.29451408 113.3313063 39 
23.23437826 113.2817943 87 
23.19624889 113.2688376 124 
23.23933466 113.2840285 84 
23.19641193 113.2736361 128 
23.22375942 113.2564425 86 
23.22634584 113.2545866 86 
23.19874545 113.2784678 120 
23.22398715 113.2305829 77 
23.22392548 113.2709844 92 
23.22114401 113.231859 81 
23.22259501 113.237466 84 
23.29451408 113.3313063 39 
23.22997915 113.3107756 87 
23.29451408 113.3313063 39 
23.22284057 113.2749262 94 
23.29451408 113.3313063 39 
23.22294691 113.2714389 92 
23.22171187 113.272405 94 
23.22140682 113.2744787 95 
23.17955473 113.2439755 119 
23.22589883 113.2729862 91 
23.1436678 113.2267657 145 
23.18171481 113.256343 133 
23.2265306 113.2749326 91 
23.17671192 113.2651996 142 
23.22332543 113.2744367 94 
23.18848396 113.2576639 125 
23.19052335 113.3315148 115 
23.20617703 113.278833 109 
23.29451408 113.3313063 39 
23.10252229 113.3221335 182 
23.18450212 113.3266313 127 
23.29451408 113.3313063 39 
23.15511852 113.2553496 158 
23.23578392 113.3110108 82 
23.16524421 113.2734749 167 
23.23519563 113.3115031 84 
23.22240105 113.2909963 97 
23.15381021 113.2550439 159 
23.18912219 113.263294 134 
23.18559135 113.2585354 133 
23.29451408 113.3313063 39 
23.17268536 113.2829081 173 
23.1848115 113.2605885 138 
23.23582425 113.3115529 82 
23.19977345 113.3341445 102 
23.16045484 113.2412345 146 
23.19512495 113.27609 125 
23.16003203 113.2401767 146 
23.16107389 113.2397168 140 
23.18815454 113.3264348 123 
23.16196003 113.2401761 139 
23.1861588 113.2485285 122 
23.20247992 113.2579831 97 
23.16948474 113.2852225 181 
23.20450885 113.2614836 98 
23.29451408 113.3313063 39 
23.21692369 113.2479832 87 
23.18588037 113.2545449 132 
23.21565299 113.3005692 95 
23.22438517 113.3074401 95 
23.22574216 113.3098176 91 
23.21830901 113.249483 89 
23.22053664 113.3046955 96 
23.29451408 113.3313063 39 
23.18969941 113.2376969 93 
23.21473408 113.2926992 102 
23.21146147 113.2913664 106 
23.21473408 113.2926992 102 
23.19606578 113.3383427 98 
23.21224798 113.2895845 105 
23.21154901 113.293868 101 
23.2445115 113.3048442 77 
23.17639872 113.2804575 165 
23.29451408 113.3313063 39 
23.19802987 113.2769843 122 
23.21923636 113.2869913 102 
23.23203276 113.3093386 86 
23.21171152 113.2847644 108 
23.20586901 113.3355051 92 
23.19628164 113.3347933 105 
23.19147731 113.3320696 113 
23.20791148 113.3384069 87 
23.20591889 113.3355849 92 
23.19141113 113.2669427 129 
23.22158101 113.273016 95 
23.15929622 113.3689538 134 
