任务数 价格 平均用户密度 平均信誉值 任务编号  
5 67.0 30 71500.32755999998 A0537 A0618 A0701 A0743 A0753 
5 65.5 69 61311.89183999996 A0001 A0003 A0008 A0358 A0360 
6 65.5 102 91698.6508833334 A0193 A0327 A0348 A0372 A0383 A0461 
5 65.0 68 56888.940819999996 A0170 A0312 A0318 A0323 A0430 
6 65.0 56 23312.748000000007 A0521 A0638 A0754 A0770 A0807 A0834 
2 69.5 8 9796.115449999998 A0496 A0763 
5 68.0 34 9898.866899999999 A0527 A0646 A0648 A0651 A0653 
4 65.0 59 6219.545225 A0484 A0490 A0582 A0588 
2 66.0 62 5407.798399999998 A0085 A0089 
4 66.0 37 3877.7855749999994 A0043 A0065 A0077 A0121 
4 67.0 11 275.771425 A0538 A0666 A0668 A0676 
2 70.0 8 233.37320000000003 A0292 A0299 
4 65.0 82 62067.101749999965 A0005 A0007 A0028 A0033 
5 65.0 61 16459.00392000001 A0265 A0376 A0402 A0408 A0412 
2 70.0 14 501.80999999999983 A0212 A0221 
3 66.0 32 15472.276 A0141 A0151 A0155 
3 65.5 75 60352.551333333286 A0109 A0119 A0123 
2 65.5 114 12742.956249999994 A0051 A0060 
2 66.0 118 11883.556199999992 A0040 A0075 
2 65.0 58 6258.8289 A0597 A0602 
3 65.5 65 39847.29766666662 A0366 A0368 A0427 
1 66.0 48 5195.1139 A0592 
6 65.0 129 57731.41815000001 A0132 A0135 A0144 A0183 A0191 A0197 
2 68.0 74 41274.453099999984 A0010 A0104 
3 67.5 51 23044.758800000007 A0530 A0780 A0828 
2 65.5 58 5702.09895 A0572 A0577 
2 69.5 7 204.94559999999998 A0584 A0655 
2 72.0 19 1139.76965 A0707 A0806 
2 66.0 56 6238.163500000001 A0603 A0605 
5 65.0 188 34566.073079999966 A0181 A0184 A0186 A0382 A0389 
2 69.0 41 22382.724200000004 A0519 A0647 
4 65.5 175 30878.457175000014 A0180 A0218 A0354 A0378 
3 65.5 126 14158.265499999981 A0336 A0352 A0422 
2 65.5 76 60502.535349999955 A0011 A0016 
2 65.5 72 41013.02394999999 A0057 A0112 
4 65.0 103 88527.97880000001 A0163 A0309 A0317 A0320 
4 65.0 114 24899.584225000017 A0175 A0314 A0316 A0332 
3 65.5 139 88310.33113333344 A0143 A0195 A0347 
2 65.0 96 24385.359300000026 A0131 A0134 
2 66.5 52 22963.212600000006 A0526 A0759 
3 65.0 180 22870.746366666728 A0248 A0250 A0463 
2 65.0 99 24505.71635000003 A0142 A0474 
2 65.5 177 28790.70700000005 A0244 A0379 
1 65.5 55 5694.982899999998 A0002
1 75.0 6 80.80620000000002 A0004
1 75.0 6 80.80620000000002 A0006
1 66.0 36 2972.0305000000003 A0009
1 65.5 66 22373.31460000002 A0012
1 65.5 77 60643.86349999996 A0013
1 66.0 54 14853.221599999986 A0014
1 66.0 47 14110.252099999987 A0015
1 65.5 69 22413.25240000002 A0017
1 66.0 36 2972.0305000000003 A0018
1 65.5 78 60531.32349999996 A0019
1 66.0 46 14090.328999999987 A0020
1 66.0 38 13948.12909999999 A0021
1 65.0 61 21521.05050000002 A0022
1 65.5 61 21509.315700000017 A0023
1 66.5 59 53292.46589999997 A0024
1 67.5 59 53307.763699999974 A0025
1 66.0 40 12909.832399999988 A0026
1 65.5 68 22360.69520000002 A0027
1 66.0 68 60665.30509999997 A0029
1 68.0 100 7820.5552 A0030
1 67.0 84 7654.757 A0031
1 65.5 71 61316.07449999996 A0032
1 66.0 107 8484.208000000002 A0034
1 66.5 90 7796.5749 A0035
1 65.5 72 60379.64019999996 A0036
1 70.0 30 453.73909999999984 A0037
1 75.0 2 2.3693 A0038
1 66.5 59 1219.0025999999982 A0039
1 65.0 121 15128.7191 A0041
1 66.5 33 2297.0290999999993 A0042
1 69.0 86 8642.585800000003 A0044
1 66.0 108 14373.176300000001 A0045
1 66.0 52 1658.0896999999984 A0046
1 67.0 45 4516.845699999999 A0047
1 67.0 90 10609.054599999994 A0048
1 68.5 45 2437.5026999999995 A0049
1 70.0 16 349.65829999999994 A0050
1 65.5 119 15009.1803 A0052
1 70.0 10 210.2956 A0053
1 67.0 48 989.3832999999994 A0054
1 67.0 33 2175.734999999999 A0055
1 73.0 19 2455.2173 A0056
1 69.0 32 1167.2922999999994 A0058
1 66.0 120 14343.19859999999 A0059
1 65.5 121 12655.080599999998 A0061
1 67.5 93 6747.817699999999 A0062
1 75.0 2 2.3693 A0063
1 73.0 19 2493.0635999999995 A0064
1 67.0 41 2509.901 A0066
1 65.0 101 11465.618499999997 A0067
1 65.5 119 12597.303599999997 A0068
1 66.0 46 2801.7511000000004 A0069
1 66.5 80 5698.261599999995 A0070
1 70.0 32 3210.1362999999988 A0071
1 66.5 59 4656.8985999999995 A0072
1 66.0 43 2761.5427000000004 A0073
1 66.5 89 6880.970999999999 A0074
1 68.5 40 1080.612299999999 A0076
1 66.5 80 5698.261599999995 A0078
1 71.0 25 493.66669999999976 A0079
1 66.0 103 15359.921200000003 A0080
1 70.0 27 391.9773999999999 A0081
1 67.0 98 9518.70399999999 A0082
1 66.0 95 7538.011099999995 A0083
1 65.5 99 11095.541199999996 A0084
1 66.5 89 3753.1043999999983 A0086
1 66.0 78 5524.714299999996 A0087
1 70.0 47 5945.826599999999 A0088
1 70.0 67 8907.026499999996 A0090
1 65.5 109 14742.743100000002 A0091
1 67.0 60 1269.6521999999982 A0092
1 70.0 53 4877.393699999999 A0093
1 66.0 71 5600.129399999997 A0094
1 65.5 40 8100.680199999999 A0095
1 67.0 49 973.4447999999994 A0096
1 65.5 53 4877.393699999999 A0097
1 65.5 49 4753.856899999999 A0098
1 66.0 78 5524.714299999996 A0099
1 66.0 94 15504.164200000001 A0100
1 66.5 44 848.3203999999995 A0101
1 70.0 39 1203.7745999999993 A0102
1 66.0 72 3138.138699999998 A0103
1 65.0 46 4490.5371 A0105
1 67.5 129 13235.833699999992 A0106
1 70.0 44 5614.614599999999 A0107
1 66.0 67 5782.114999999998 A0108
1 68.5 52 5714.5860999999995 A0110
1 70.5 34 884.2500999999999 A0111
1 66.5 110 14178.3264 A0113
1 66.5 35 1537.361599999999 A0114
1 67.0 52 4681.601399999999 A0115
1 66.0 43 1217.530699999999 A0116
1 67.0 45 868.2434999999995 A0117
1 65.5 42 8406.799700000003 A0118
1 65.5 74 22185.30460000002 A0120
1 66.5 59 10381.920999999995 A0122
1 66.0 82 60666.997499999954 A0124
1 66.0 87 3271.211899999998 A0125
1 75.0 7 100.69150000000002 A0126
1 65.5 128 79192.32150000006 A0127
1 65.5 149 90028.9556000001 A0128
1 66.5 85 34359.63779999997 A0129
1 65.0 163 54205.914199999905 A0130
1 75.0 10 183.65480000000002 A0133
1 68.5 45 65671.97559999998 A0136
1 65.5 150 53369.681499999926 A0137
1 65.5 67 73970.15060000001 A0138
1 68.0 18 15347.137900000002 A0139
1 69.0 18 300.06160000000006 A0140
1 65.0 190 90993.03100000015 A0145
1 66.0 94 24393.317900000027 A0146
1 66.0 136 86301.9938000001 A0147
1 66.0 57 21096.09440000001 A0148
1 66.0 57 21096.09440000001 A0149
1 73.0 27 521.8333999999998 A0150
1 65.5 32 15602.9106 A0152
1 70.5 65 21689.13260000001 A0153
1 67.0 19 15278.2476 A0154
1 65.5 32 15602.9106 A0156
1 73.5 26 15364.5149 A0157
1 69.0 94 21879.933800000035 A0158
1 66.0 175 25023.831700000068 A0159
1 70.0 28 1199.4699999999991 A0160
1 75.0 6 143.4541 A0161
1 70.0 18 15475.780200000001 A0162
1 66.5 15 957.9149999999998 A0164
1 65.5 91 18556.884600000023 A0165
1 69.0 39 33463.70149999999 A0166
1 70.0 29 473.81889999999976 A0167
1 74.5 13 432.60359999999986 A0168
1 74.0 8 141.5702 A0169
1 67.5 61 2654.864499999999 A0171
1 65.5 91 18556.884600000023 A0172
1 66.5 77 39749.23949999995 A0173
1 65.5 65 39339.132299999954 A0174
1 67.5 57 4867.996299999999 A0176
1 66.0 35 1510.927599999999 A0177
1 70.0 2 458.8064 A0178
1 67.0 122 10729.15269999998 A0179
1 65.5 92 24362.635200000026 A0182
1 65.5 187 33005.21979999998 A0185
1 65.5 166 54226.9316999999 A0187
1 65.5 169 93860.23580000011 A0188
1 69.5 4 117.56949999999999 A0189
1 65.5 180 91481.98020000012 A0190
1 65.0 188 90562.02980000015 A0192
1 66.0 87 34344.14559999996 A0194
1 66.5 116 87253.00790000007 A0196
1 75.0 1 19.9231 A0198
1 74.5 3 478.7295 A0199
1 75.0 3 478.7295 A0200
1 67.0 106 9517.87239999999 A0201
1 70.0 21 826.2753999999999 A0202
1 67.0 104 9478.02619999999 A0203
1 66.5 3 478.7295 A0204
1 66.5 3 478.7295 A0205
1 70.0 3 478.7295 A0206
1 70.0 3 478.7295 A0207
1 75.0 0 0 A0208
1 70.0 2 458.8064 A0209
1 67.0 32 15472.276 A0210
1 66.0 140 14666.612799999977 A0211
1 68.0 19 987.3218999999998 A0213
1 70.0 10 403.0152999999999 A0214
1 66.0 145 14716.139399999976 A0215
1 70.5 19 409.2479999999998 A0216
1 70.0 9 363.1689999999999 A0217
1 70.5 8 200.2554 A0219
1 65.0 20 916.4898999999999 A0220
1 75.0 1 1.9923 A0222
1 70.0 9 363.1689999999999 A0223
1 70.0 20 916.4898999999999 A0224
1 75.0 2 20.015800000000002 A0225
1 75.0 12 396.0701999999999 A0226
1 70.0 25 997.2066 A0227
1 65.5 20 916.4898999999999 A0228
1 70.0 22 996.1825 A0229
1 66.0 152 24970.14990000005 A0230
1 70.0 22 826.3680999999999 A0231
1 70.0 27 857.3425999999997 A0232
1 70.0 20 844.1985999999999 A0233
1 70.0 21 936.4129999999999 A0234
1 70.0 21 956.3362 A0235
1 70.0 21 936.4129999999999 A0236
1 66.0 130 13758.176099999973 A0237
1 70.0 21 956.3362 A0238
1 65.0 151 36573.411599999934 A0239
1 70.0 20 916.4898999999999 A0240
1 65.5 158 36951.146499999944 A0241
1 71.5 22 563.2241999999999 A0242
1 65.5 165 25022.843600000066 A0243
1 70.0 27 857.3425999999997 A0245
1 66.5 139 30165.350100000047 A0246
1 66.0 133 23233.916000000052 A0247
1 66.5 139 30165.350100000047 A0249
1 66.5 111 8993.073500000004 A0251
1 67.0 99 21187.673000000043 A0252
1 65.0 148 24451.110400000056 A0253
1 65.5 169 25585.695100000066 A0254
1 65.0 154 20338.06710000005 A0255
1 65.5 135 13056.943699999993 A0256
1 65.0 143 11329.884499999993 A0257
1 66.5 128 23063.36570000005 A0258
1 68.0 34 1879.3518999999987 A0259
1 65.5 133 22932.389600000053 A0260
1 69.0 94 21879.933800000035 A0261
1 65.0 150 19859.323900000043 A0262
1 65.0 34 1797.411799999999 A0263
1 65.5 174 21308.754800000057 A0264
1 75.0 4 62.1253 A0266
1 67.0 27 1603.1233999999988 A0267
1 70.0 28 1199.4699999999991 A0268
1 70.5 32 1567.106999999999 A0269
1 66.0 15 957.9149999999998 A0270
1 72.0 4 117.56949999999999 A0271
1 68.0 62 16599.68210000002 A0272
1 75.0 4 62.1253 A0273
1 67.0 51 16183.7468 A0274
1 65.5 36 1819.8454999999985 A0275
1 65.0 31 1662.9176999999986 A0276
1 66.5 45 2402.6869999999985 A0277
1 70.0 28 1199.4699999999991 A0278
1 66.0 56 16418.565900000012 A0279
1 67.0 25 1102.1929999999993 A0280
1 65.5 32 1647.3254999999986 A0281
1 66.5 39 1898.7152999999987 A0282
1 68.0 31 1752.1068999999989 A0283
1 65.0 35 1799.0996999999988 A0284
1 65.5 36 1801.0919999999987 A0285
1 65.5 36 1801.0919999999987 A0286
1 65.5 32 1647.3254999999986 A0287
1 65.5 36 1819.0227999999988 A0288
1 65.0 34 1797.411799999999 A0289
1 69.0 89 20906.185100000035 A0290
1 65.0 35 1799.0996999999988 A0291
1 65.0 31 1662.9176999999986 A0293
1 67.5 39 1926.3066999999985 A0294
1 70.0 9 251.30400000000003 A0295
1 70.0 1 219.9701 A0296
1 70.0 0 0 A0297
1 75.0 0 0 A0298
1 70.0 8 233.37320000000003 A0300
1 70.0 8 233.37320000000003 A0301
1 70.0 8 233.37320000000003 A0302
1 75.0 0 0 A0303
1 70.0 8 233.37320000000003 A0304
1 66.5 86 43271.16869999996 A0305
1 70.0 8 233.37320000000003 A0306
1 70.0 8 233.37320000000003 A0307
1 70.0 9 293.2429 A0308
1 66.5 17 969.7301999999999 A0310
1 70.0 8 233.37320000000003 A0311
1 67.5 173 74233.0166000001 A0313
1 66.0 88 44973.24759999996 A0315
1 65.5 89 12449.678999999998 A0319
1 69.0 39 33463.70149999999 A0321
1 66.0 84 44988.710899999955 A0322
1 65.0 99 17191.477200000005 A0324
1 65.5 89 16479.35130000001 A0325
1 65.5 84 45079.93159999995 A0326
1 66.0 86 17128.953400000006 A0328
1 65.0 81 12176.661599999996 A0329
1 65.5 90 18923.68250000002 A0330
1 65.5 91 84463.80150000005 A0331
1 65.5 100 48947.29049999996 A0333
1 65.0 96 17149.531500000005 A0334
1 69.0 39 33463.70149999999 A0335
1 65.5 103 49026.98299999996 A0337
1 65.0 125 28400.674200000038 A0338
1 65.0 81 12216.142899999995 A0339
1 65.5 82 12177.025199999996 A0340
1 69.0 39 33463.70149999999 A0341
1 66.5 86 43271.16869999996 A0342
1 65.5 89 44981.45669999995 A0343
1 66.0 154 24565.59580000004 A0344
1 65.5 90 18923.68250000002 A0345
1 65.5 83 12216.871499999996 A0346
1 65.5 87 45092.322299999956 A0349
1 65.0 95 16966.92780000001 A0350
1 65.5 91 88025.64040000005 A0351
1 65.5 166 34050.403399999974 A0353
1 65.5 114 15335.378299999998 A0355
1 65.5 67 22307.53680000002 A0356
1 72.5 44 3178.7104000000004 A0357
1 66.0 128 9771.60629999999 A0359
1 65.5 53 4877.393699999999 A0361
1 66.0 57 53073.583699999974 A0362
1 68.0 38 1941.1134999999986 A0363
1 65.0 59 8660.709299999997 A0364
1 65.5 81 12176.661599999996 A0365
1 65.5 26 27046.074399999998 A0367
1 66.5 65 5508.6669999999995 A0369
1 66.0 140 14667.503499999977 A0370
1 65.5 27 27105.8438 A0371
1 68.0 8 9578.5733 A0373
1 75.0 8 102.68380000000002 A0374
1 65.5 119 12452.733099999994 A0375
1 66.0 56 15726.4369 A0377
1 66.0 15 285.34130000000005 A0380
1 65.5 192 29537.732000000065 A0381
1 75.0 3 478.7295 A0384
1 75.0 0 0 A0385
1 65.0 190 95759.56100000015 A0386
1 65.5 187 52412.29199999987 A0387
1 72.0 3 478.7295 A0388
1 74.0 2 476.7372 A0390
1 65.0 185 29404.481800000063 A0391
1 65.0 170 29787.850900000045 A0392
1 75.0 26 734.8433999999999 A0393
1 66.0 148 15809.009399999975 A0394
1 75.0 9 363.1689999999999 A0395
1 65.5 169 26279.160200000046 A0396
1 72.0 8 717.2815000000002 A0397
1 75.0 26 961.2413999999999 A0398
1 72.0 8 717.2815000000002 A0399
1 75.0 20 936.4131 A0400
1 75.0 4 59.877700000000004 A0401
1 66.0 55 16451.886600000013 A0403
1 68.0 38 1941.1134999999986 A0404
1 72.0 4 117.56949999999999 A0405
1 73.0 4 43.851 A0406
1 75.0 12 442.86149999999986 A0407
1 75.0 6 103.60020000000002 A0409
1 73.5 4 63.761700000000005 A0410
1 75.0 27 1248.8282999999994 A0411
1 65.5 35 1799.0996999999988 A0413
1 65.5 56 16471.809700000013 A0414
1 72.0 15 957.9149999999998 A0415
1 65.5 33 1667.2485999999985 A0416
1 65.5 30 1587.5560999999987 A0417
1 75.0 8 233.37320000000003 A0418
1 65.0 32 1702.7639999999988 A0419
1 70.0 14 972.007 A0420
1 65.5 56 16806.003800000017 A0421
1 65.5 37 1839.2502999999988 A0423
1 75.0 8 233.37320000000003 A0424
1 65.5 27 27105.8438 A0425
1 80.0 0 0 A0426
1 75.0 29 6554.4383 A0428
1 75.0 8 233.37320000000003 A0429
1 75.0 8 233.37320000000003 A0431
1 65.0 99 24174.374600000025 A0432
1 65.5 100 48947.29049999996 A0433
1 65.5 97 48890.77699999996 A0434
1 75.0 13 460.79229999999984 A0435
1 75.0 22 826.3680999999999 A0436
1 75.0 11 401.0228999999999 A0437
1 75.0 10 383.0920999999999 A0438
1 75.0 9 363.1689999999999 A0439
1 69.5 56 52223.564999999966 A0440
1 67.0 112 8718.816100000002 A0441
1 69.0 39 4117.711099999999 A0442
1 73.0 70 6393.6938 A0443
1 66.5 57 53073.583699999974 A0444
1 72.0 90 10572.950299999993 A0445
1 72.0 58 8600.939899999998 A0446
1 66.5 99 9030.603099999991 A0447
1 67.0 69 5442.701099999998 A0448
1 66.0 61 4732.8589999999995 A0449
1 85.0 1 19.9231 A0450
1 66.0 103 14621.204400000002 A0451
1 65.5 78 5524.714299999996 A0452
1 65.5 54 1779.620799999998 A0453
1 66.0 85 3173.5961999999977 A0454
1 72.0 74 7582.319999999996 A0455
1 65.0 102 11465.982099999997 A0456
1 72.0 10 403.0152999999999 A0457
1 66.5 59 10381.920999999995 A0458
1 72.0 3 478.7295 A0459
1 85.0 34 958.5577999999996 A0460
1 65.5 71 61316.07449999996 A0462
1 65.5 62 4753.0271999999995 A0464
1 67.0 101 8024.5107 A0465
1 67.0 111 9365.551399999993 A0466
1 65.5 77 60440.50369999994 A0467
1 80.0 79 7002.3175 A0468
1 65.0 188 95737.50530000015 A0469
1 75.0 16 248.9711 A0470
1 80.0 195 29467.899600000073 A0471
1 65.0 185 29478.197400000063 A0472
1 66.0 140 24287.203100000035 A0473
1 65.5 181 52160.92139999987 A0475
1 65.0 167 90368.55950000012 A0476
1 80.0 100 24524.53700000003 A0477
1 80.0 144 35401.241499999924 A0478
1 66.0 33 1774.0222999999987 A0479
1 66.5 154 16361.25099999997 A0480
1 80.0 121 31771.49400000004 A0481
1 65.5 55 6189.752600000002 A0482
1 65.5 54 30155.3678 A0483
1 65.5 56 6209.675700000002 A0485
1 70.0 49 3768.8790999999983 A0486
1 70.5 30 1728.1483999999994 A0487
1 72.0 19 214.01910000000004 A0488
1 66.5 53 4036.9740999999985 A0489
1 70.5 21 7745.472199999999 A0491
1 71.5 23 71242.53079999998 A0492
1 70.0 14 245.1451 A0493
1 66.5 54 23644.6696 A0494
1 69.0 26 11264.118499999997 A0495
1 68.5 40 32119.649100000006 A0497
1 70.0 13 10019.6138 A0498
1 70.0 20 309.278 A0499
1 67.5 57 3923.4324999999985 A0500
1 70.0 45 3645.811799999999 A0501
1 70.0 19 289.35490000000004 A0502
1 70.0 19 289.35490000000004 A0503
1 70.0 36 3121.4656 A0504
1 68.0 51 29204.3617 A0505
1 69.5 17 291.2593 A0506
1 67.5 15 211.56680000000003 A0507
1 72.5 23 367.9903999999999 A0508
1 65.0 53 3417.2118999999984 A0509
1 70.0 24 313.80120000000005 A0510
1 67.0 61 3468.272099999998 A0511
1 67.0 4 972.2368 A0512
1 66.0 56 3556.7550999999985 A0513
1 72.5 17 778.7226999999998 A0514
1 68.5 29 11452.813599999998 A0515
1 66.0 60 3698.2169999999983 A0516
1 69.5 37 8555.3986 A0517
1 67.5 41 12341.3749 A0518
1 66.5 55 30431.067199999998 A0520
1 70.0 24 459.72519999999986 A0522
1 75.0 7 329.3915 A0523
1 65.0 49 3338.781699999998 A0524
1 68.0 66 3888.630099999998 A0525
1 67.0 49 29225.961 A0528
1 69.5 38 1184.3049999999987 A0529
1 71.0 36 8551.706100000001 A0531
1 68.0 48 18976.764900000002 A0532
1 68.0 38 70888.7104 A0533
1 67.0 38 2281.337399999999 A0534
1 66.0 44 29858.243799999997 A0535
1 67.5 33 72532.09659999999 A0536
1 67.0 54 29649.0377 A0539
1 70.0 12 466.49589999999984 A0540
1 75.0 10 146.2862 A0541
1 70.0 11 428.6496999999999 A0542
1 70.0 12 486.27599999999984 A0543
1 75.0 1 1.9923 A0544
1 70.0 12 448.57279999999986 A0545
1 70.0 12 468.35289999999986 A0546
1 75.0 4 2149.2931 A0547
1 75.0 8 226.75140000000002 A0548
1 70.0 37 2526.8797999999992 A0549
1 69.5 27 1738.8280999999993 A0550
1 70.0 12 486.27599999999984 A0551
1 70.5 19 775.1556999999999 A0552
1 68.0 68 6473.100199999999 A0553
1 66.5 48 2830.323799999999 A0554
1 67.5 17 672.4414999999999 A0555
1 67.0 64 3632.7939999999994 A0556
1 70.0 14 488.4189999999998 A0557
1 66.5 71 3185.29 A0558
1 75.0 10 164.2093 A0559
1 66.5 63 6181.068399999999 A0560
1 71.5 8 2286.3899 A0561
1 73.0 7 243.06210000000002 A0562
1 73.5 6 185.0225 A0563
1 75.0 5 282.6381999999999 A0564
1 70.0 14 693.3760999999998 A0565
1 73.5 9 225.61100000000002 A0566
1 70.0 37 2526.8797999999992 A0567
1 66.0 61 5664.2211 A0568
1 73.0 8 207.199 A0569
1 66.5 61 6480.6442 A0570
1 75.0 8 207.199 A0571
1 66.5 61 6422.8748 A0573
1 70.0 13 488.27599999999984 A0574
1 66.0 23 1483.6736999999994 A0575
1 67.5 40 4837.0407000000005 A0576
1 73.5 8 207.199 A0578
1 67.5 21 788.3088999999998 A0579
1 67.5 40 4837.0407000000005 A0580
1 72.5 8 161.37720000000002 A0581
1 65.5 57 5724.7379 A0583
1 73.0 10 245.53410000000002 A0585
1 68.0 47 5043.382600000001 A0586
1 75.0 2 39.8462 A0587
1 67.0 56 5637.904900000002 A0589
1 73.0 8 207.199 A0590
1 65.0 54 6169.829500000002 A0591
1 66.0 50 5246.503000000001 A0593
1 75.0 5 183.4024 A0594
1 66.0 38 4736.698600000001 A0595
1 72.5 18 650.2142999999999 A0596
1 65.5 57 6218.104900000001 A0598
1 66.5 39 2986.3022 A0599
1 66.0 35 4311.8398 A0600
1 66.0 28 2444.4711999999995 A0601
1 68.0 35 2826.9326 A0604
1 65.5 57 6218.104900000001 A0606
1 66.0 27 2379.0598999999997 A0607
1 66.0 60 6474.080900000002 A0608
1 65.5 61 6299.927900000001 A0609
1 67.0 35 2840.8634 A0610
1 65.5 58 6277.629800000001 A0611
1 70.0 29 71454.99839999998 A0612
1 70.0 20 309.278 A0613
1 66.0 51 5306.001500000001 A0614
1 67.0 36 1829.6286999999995 A0615
1 66.0 52 5866.990600000001 A0616
1 65.5 55 6218.604900000002 A0617
1 70.0 18 765.915 A0619
1 69.0 31 1171.4792999999988 A0620
1 70.0 22 273.9550000000001 A0621
1 67.0 64 3623.0042999999982 A0622
1 70.0 43 1066.404299999999 A0623
1 69.0 46 3821.2332999999994 A0624
1 72.0 31 1335.3458999999996 A0625
1 70.0 31 473.6621999999998 A0626
1 70.0 25 479.64829999999984 A0627
1 65.0 49 3338.781699999998 A0628
1 70.0 28 7891.9393 A0629
1 65.0 50 3358.704799999998 A0630
1 66.0 28 71452.99839999998 A0631
1 68.5 33 1169.1156999999992 A0632
1 67.5 39 8142.411699999999 A0633
1 66.5 6 1013.0792 A0634
1 70.0 31 524.0168999999997 A0635
1 71.5 24 1551.9718999999993 A0636
1 70.0 27 393.96979999999985 A0637
1 65.5 28 1092.8233999999993 A0639
1 75.0 13 880.0726 A0640
1 70.0 21 298.8843 A0641
1 75.0 5 9.9692 A0642
1 68.0 38 1975.2912999999994 A0643
1 75.0 5 9.9692 A0644
1 69.0 26 7379.907099999999 A0645
1 70.0 17 229.5855 A0649
1 68.5 49 19016.611200000003 A0650
1 70.0 19 289.35490000000004 A0652
1 70.5 14 422.37019999999984 A0654
1 70.5 12 187.87250000000003 A0656
1 68.0 15 734.9264 A0657
1 74.0 14 629.4574999999999 A0658
1 71.5 16 629.5207999999999 A0659
1 75.0 16 462.2163999999998 A0660
1 75.0 16 462.2163999999998 A0661
1 75.0 1 1.9923 A0662
1 65.5 49 5307.993900000001 A0663
1 72.5 16 352.7333999999999 A0664
1 75.0 1 1.9923 A0665
1 70.0 8 89.3497 A0667
1 70.0 11 538.6446999999998 A0669
1 72.5 14 640.6162999999999 A0670
1 70.0 14 305.0483 A0671
1 70.5 14 422.37019999999984 A0672
1 70.0 16 333.44719999999995 A0673
1 68.5 16 754.8494999999999 A0674
1 70.0 37 2526.8797999999992 A0675
1 71.0 7 122.01070000000001 A0677
1 67.0 89 8640.010099999996 A0678
1 72.0 14 330.8179999999999 A0679
1 68.0 14 648.5337999999999 A0680
1 66.0 13 293.5083 A0681
1 66.5 11 269.37600000000003 A0682
1 70.0 16 333.44719999999995 A0683
1 66.5 14 311.5241 A0684
1 72.0 44 3661.734899999999 A0685
1 75.0 19 70349.05929999998 A0686
1 72.0 17 1127.5884 A0687
1 72.5 7 141.4541 A0688
1 72.0 48 3705.581099999999 A0689
1 75.0 6 121.53100000000002 A0690
1 75.0 7 122.01070000000001 A0691
1 68.0 15 650.5260999999999 A0692
1 65.5 57 6218.104900000001 A0693
1 68.0 36 1887.9537999999993 A0694
1 72.0 31 31225.094800000003 A0695
1 68.0 44 1994.982799999999 A0696
1 75.0 23 331.1933 A0697
1 66.0 44 29858.243799999997 A0698
1 66.5 58 6620.8921 A0699
1 72.0 28 71452.99839999998 A0700
1 75.0 17 229.5855 A0702
1 69.0 31 473.6621999999998 A0703
1 75.0 21 10280.901099999997 A0704
1 68.5 21 1755.3518999999997 A0705
1 75.0 32 526.0091999999997 A0706
1 75.0 24 70433.73249999998 A0708
1 65.5 29 1112.7464999999993 A0709
1 72.0 40 1029.6466999999996 A0710
1 75.0 3 41.8462 A0711
1 72.0 41 3584.042499999999 A0712
1 68.0 8 9578.5733 A0713
1 66.0 28 1092.8233999999993 A0714
1 72.0 42 1012.4974999999996 A0715
1 75.0 30 607.6621999999996 A0716
1 72.0 33 1169.1156999999992 A0717
1 75.0 37 1956.9905999999992 A0718
1 72.0 44 3661.734899999999 A0719
1 75.0 6 103.6002 A0720
1 75.0 31 611.5614999999997 A0721
1 75.0 28 3004.8736999999996 A0722
1 65.5 38 4131.7950999999985 A0723
1 68.5 21 1755.3518999999997 A0724
1 75.0 5 9.9692 A0725
1 75.0 22 404.90129999999994 A0726
1 72.0 41 2255.166899999999 A0727
1 72.0 38 566.3145999999998 A0728
1 69.5 15 734.9264 A0729
1 72.5 8 87.7281 A0730
1 73.0 16 675.3237999999999 A0731
1 66.0 12 273.58520000000004 A0732
1 75.0 19 710.3409999999999 A0733
1 75.0 1 1.9923 A0734
1 75.0 25 1694.0009999999993 A0735
1 72.0 12 111.6559 A0736
1 75.0 1 1.9923 A0737
1 68.0 38 1868.7719999999986 A0738
1 85.0 50 2638.4698999999987 A0739
1 80.0 53 2420.7052999999983 A0740
1 66.0 28 1092.8233999999993 A0741
1 85.0 38 8046.311599999999 A0742
1 72.0 21 400.06299999999993 A0744
1 75.0 6 340.8294999999999 A0745
1 66.5 52 29724.6441 A0746
1 66.0 28 1092.8233999999993 A0747
1 68.0 8 9578.5733 A0748
1 85.0 39 1241.9906999999987 A0749
1 85.0 39 1071.4852999999991 A0750
1 85.0 15 1260.3460999999998 A0751
1 65.0 51 3378.627899999998 A0752
1 72.0 49 3728.926399999999 A0755
1 67.5 20 1150.4083 A0756
1 75.0 7 9666.6743 A0757
1 72.0 7 122.01070000000001 A0758
1 85.0 25 404.31939999999986 A0760
1 72.0 24 1400.5704000000003 A0761
1 66.0 51 22899.662100000005 A0762
1 66.0 51 29942.2972 A0764
1 85.0 34 8128.767899999999 A0765
1 72.0 54 23085.791900000007 A0766
1 70.0 33 1131.3380999999988 A0767
1 72.0 40 32169.773300000004 A0768
1 66.5 33 21620.310400000006 A0769
1 72.0 21 10280.901099999997 A0771
1 66.5 55 23010.81690000001 A0772
1 85.0 19 222.62790000000004 A0773
1 72.0 14 720.994 A0774
1 85.0 16 652.5183999999998 A0775
1 66.0 31 1109.2290999999996 A0776
1 85.0 8 2286.3899 A0777
1 80.0 8 2286.3899 A0778
1 72.0 33 1310.9411999999988 A0779
1 72.0 22 1059.7063999999993 A0781
1 67.5 33 72385.24769999999 A0782
1 70.0 11 2332.2208 A0783
1 68.0 34 2351.873799999999 A0784
1 66.0 54 22922.293800000007 A0785
1 80.0 12 266.9774 A0786
1 71.0 35 22006.617700000003 A0787
1 85.0 40 2166.6596999999983 A0788
1 85.0 49 2461.153999999998 A0789
1 85.0 6 121.53100000000002 A0790
1 85.0 27 2159.5703999999996 A0791
1 66.5 57 6471.0321 A0792
1 85.0 47 1982.3964999999987 A0793
1 85.0 6 121.53100000000002 A0794
1 70.0 11 2332.2208 A0795
1 85.0 20 877.8250999999999 A0796
1 85.0 13 310.89489999999995 A0797
1 85.0 8 2286.3899 A0798
1 67.5 16 670.4491999999999 A0799
1 85.0 30 1076.6713999999993 A0800
1 72.0 24 1586.6801999999993 A0801
1 80.0 33 1131.3380999999988 A0802
1 72.0 16 1125.5884 A0803
1 72.0 20 1037.7909999999995 A0804
1 80.0 13 9886.209499999997 A0805
1 85.0 19 289.35490000000004 A0808
1 85.0 20 877.8250999999999 A0809
1 72.0 13 285.1252 A0810
1 72.0 26 1858.7858999999994 A0811
1 72.0 25 1325.3619999999999 A0812
1 72.0 24 1303.4465999999998 A0813
1 74.0 14 382.53929999999986 A0814
1 80.0 28 1061.1656999999993 A0815
1 72.0 26 1858.7858999999994 A0816
1 72.0 24 1257.8455 A0817
1 72.0 24 1586.6801999999993 A0818
1 72.0 26 1858.7858999999994 A0819
1 72.0 49 5307.993900000001 A0820
1 74.0 5 65.9708 A0821
1 72.0 48 5196.7432 A0822
1 72.0 30 2231.348399999999 A0823
1 72.0 47 5617.449300000003 A0824
1 72.0 5 183.0225 A0825
1 72.0 18 579.9493 A0826
1 65.5 63 5726.3478 A0827
1 80.0 10 426.6496999999999 A0829
1 85.0 31 1150.3848999999993 A0830
1 65.5 58 6258.4616000000005 A0831
1 72.0 14 291.3918 A0832
1 85.0 52 3314.7490999999977 A0833
1 85.0 16 799.9972999999999 A0835
