价格 任务数 对应任务在1 km内的用户数
65 65 1 1 1 2 2 2 2 2 2 3 3 3 3 3 3 4 4 4 4 4 4 4 4 4 4 4 4 4 4 4 4 5 5 5 5 6 6 6 6 6 7 8 8 8 9 9 9 9 9 10 10 10 10 10 11 11 11 11 12 13 14 15 15 15 16 
65.5 150 1 1 1 1 1 1 1 1 1 1 1 1 1 1 1 1 1 2 2 2 2 2 2 2 2 2 2 2 2 2 2 2 2 2 2 2 2 2 2 2 2 2 2 3 3 3 3 3 3 3 3 3 3 3 3 3 3 3 3 3 3 3 3 3 3 3 3 3 3 3 3 4 4 4 4 4 4 4 4 4 4 4 4 4 4 4 4 4 4 4 4 4 4 4 4 4 5 5 5 5 5 5 5 5 5 5 5 5 5 5 5 5 5 5 5 6 6 6 6 6 6 6 6 6 6 6 6 6 6 6 7 7 7 7 7 7 7 7 7 8 8 8 8 8 8 8 9 10 11 12 
66 103 0 0 0 0 0 0 0 0 0 0 0 0 0 1 1 1 1 1 1 1 1 1 1 1 1 1 1 1 1 1 1 1 1 2 2 2 2 2 2 2 2 2 2 2 2 2 3 3 3 3 3 3 3 3 3 3 3 3 3 3 3 3 3 3 3 3 3 3 3 3 3 3 3 3 3 4 4 4 4 4 4 4 4 4 5 5 5 5 5 5 5 5 6 6 6 7 7 7 9 9 10 13 13 
66.5 63 0 0 0 0 0 0 0 0 0 0 1 1 1 1 1 1 1 1 1 1 1 1 1 1 1 2 2 2 2 2 2 2 2 2 2 2 2 2 2 2 2 2 2 2 2 2 3 3 3 3 3 3 4 4 4 5 5 6 6 6 6 10 11 
67 38 0 0 0 0 0 0 0 1 1 1 1 1 1 1 1 1 1 1 1 1 1 2 2 2 2 2 2 2 2 2 2 3 3 3 3 4 5 6 
67.5 23 0 0 0 0 0 0 0 0 0 1 1 1 1 1 1 1 1 1 1 2 4 5 8 
68 30 0 0 0 0 0 0 0 0 0 0 0 0 1 1 1 1 1 1 1 1 1 1 1 1 1 1 1 2 2 3 
68.5 11 0 0 0 0 0 0 1 1 2 3 8 
69 19 0 0 0 0 0 0 0 0 0 0 0 1 1 1 1 1 2 2 9 
69.5 8 0 0 0 0 0 0 1 1 
70 96 0 0 0 0 0 0 0 0 0 0 0 0 0 0 0 0 0 0 0 0 0 0 0 0 0 0 0 0 0 1 1 1 1 1 1 1 1 1 1 1 1 1 1 1 1 1 1 1 1 1 1 1 1 1 1 1 1 1 1 1 1 1 1 1 1 1 1 1 1 2 2 2 2 2 2 2 2 2 2 2 2 2 2 3 3 3 3 3 3 3 4 4 4 4 4 6 
70.5 11 0 0 0 0 0 0 0 0 1 1 2 
71 4 0 0 0 1 
71.5 5 0 0 0 0 2 
72 60 0 0 0 0 0 0 0 0 0 0 0 0 0 0 0 0 0 0 1 1 1 1 1 1 1 1 1 1 1 1 1 1 1 1 1 1 1 1 2 2 2 2 2 2 2 2 2 2 2 3 3 3 3 3 3 4 4 4 5 16 
72.5 9 0 0 0 0 1 1 1 1 1 
73 10 0 0 0 0 0 0 0 1 1 3 
73.5 5 0 0 0 1 1 
74 5 0 0 0 1 2 
74.5 2 0 0 
75 78 0 0 0 0 0 0 0 0 0 0 0 0 0 0 0 0 0 0 0 0 0 0 0 0 0 0 0 0 0 0 0 0 0 0 0 0 0 1 1 1 1 1 1 1 1 1 1 1 1 1 1 1 1 1 1 1 1 1 1 1 1 1 1 1 1 2 2 2 2 2 2 2 2 3 3 3 3 4 
80 13 0 0 0 0 0 1 2 3 6 7 8 8 8 
85 27 0 0 0 0 0 0 0 0 0 0 1 1 1 1 1 1 1 1 1 1 1 1 1 1 1 2 3 
价格 任务数 对应任务在2 km内的用户数
65 65 4 4 4 5 8 8 8 8 8 8 8 8 9 9 9 9 10 10 10 11 11 11 11 11 12 12 13 14 15 15 16 17 17 17 17 17 18 18 19 19 19 19 20 20 20 20 20 21 22 22 22 22 22 24 25 26 26 27 30 30 30 31 33 34 37 
65.5 150 2 2 2 3 3 4 4 4 4 5 5 5 5 5 5 5 6 6 6 6 6 6 6 6 7 7 7 7 7 7 7 8 8 8 8 8 8 8 8 8 8 8 9 9 9 9 9 9 9 9 9 9 9 10 10 10 10 10 10 10 10 10 10 11 11 11 11 11 11 11 11 11 11 11 11 11 11 12 12 12 12 12 12 12 12 12 12 12 12 12 13 13 13 13 13 13 13 13 13 13 13 13 13 14 14 14 14 14 14 14 14 14 15 15 15 16 16 16 16 17 17 17 17 17 18 18 18 18 18 18 18 18 19 19 20 20 20 20 22 22 22 23 23 23 23 23 26 27 28 29 
66 103 1 1 1 2 2 2 2 3 3 3 3 4 4 4 4 4 4 4 4 4 4 4 5 5 5 5 5 5 5 5 5 5 5 6 6 6 6 6 6 6 6 6 6 6 7 7 7 7 7 7 7 7 7 7 7 7 7 7 8 8 8 8 8 8 8 8 9 9 9 9 9 10 10 11 11 11 11 12 12 12 13 13 14 14 14 14 14 15 15 15 15 16 16 17 18 18 21 24 24 30 30 32 41 
66.5 63 0 1 1 1 1 2 2 2 2 3 3 3 4 4 4 4 4 4 4 4 5 5 5 5 5 5 5 6 6 6 6 7 7 7 7 7 7 7 7 7 7 7 8 8 8 8 8 8 8 10 10 10 10 10 10 11 16 16 18 21 23 24 27 
67 38 0 1 1 1 2 2 3 3 3 4 4 4 4 4 4 4 5 5 5 5 5 5 6 6 7 8 8 9 9 9 10 10 13 15 16 19 20 23 
67.5 23 1 2 2 2 2 2 2 2 2 3 3 3 3 3 4 4 4 5 6 7 8 16 17 
68 30 0 0 0 0 1 1 1 1 1 2 2 2 2 2 2 3 3 3 3 3 3 3 4 4 4 5 5 6 6 7 
68.5 11 0 0 1 1 1 2 3 5 6 7 8 
69 19 0 0 1 1 2 2 2 2 2 2 2 3 3 4 4 4 5 5 17 
69.5 8 0 0 1 2 2 2 3 5 
70 96 0 0 0 0 0 0 0 1 1 1 1 1 1 1 1 1 1 1 1 1 1 1 1 1 1 1 2 2 2 2 2 2 2 2 2 2 2 2 2 2 2 2 2 3 3 3 3 3 3 3 3 3 3 3 3 3 3 3 3 3 3 4 4 4 4 4 4 4 4 4 4 4 4 4 5 5 5 5 5 5 5 6 6 7 7 7 7 8 8 8 8 10 10 10 13 13 
70.5 11 0 0 0 0 0 1 1 2 2 3 3 
71 4 0 0 1 1 
71.5 5 0 1 1 2 3 
72 60 0 0 0 1 1 1 1 1 1 1 1 1 1 1 2 2 2 2 2 2 2 2 2 3 3 3 3 3 4 4 4 4 4 4 4 4 4 5 5 5 5 5 5 5 6 6 6 6 6 6 6 6 6 7 8 8 9 10 13 21 
72.5 9 0 0 1 1 1 2 2 3 3 
73 10 0 0 0 1 1 1 2 2 2 3 
73.5 5 0 0 0 1 2 
74 5 0 0 0 4 5 
74.5 2 0 1 
75 78 0 0 0 0 0 0 0 0 0 0 0 0 0 0 0 0 0 0 0 0 1 1 1 1 1 1 1 1 1 1 1 1 1 1 1 1 1 1 1 1 1 1 1 1 1 1 1 2 2 2 2 2 2 2 3 3 3 3 3 3 3 3 3 3 4 4 4 4 4 4 4 4 4 5 5 6 6 7 
80 13 0 0 0 1 2 3 3 6 15 16 20 23 27 
85 27 0 1 1 1 1 1 1 1 1 1 2 2 3 3 3 3 3 3 3 3 4 4 5 6 6 7 7 
价格 任务数 对应任务在3 km内的用户数
65 65 8 9 9 9 10 10 11 12 12 12 14 14 15 17 17 18 19 19 19 20 22 25 25 25 26 26 26 26 26 27 27 27 28 28 28 28 29 29 29 30 30 31 32 32 33 33 36 38 39 40 40 41 41 42 42 42 42 43 44 49 51 59 69 69 71 
65.5 150 5 6 6 6 6 7 7 8 8 10 10 10 11 11 11 12 12 12 13 13 13 14 14 14 14 14 14 15 15 15 15 15 15 15 15 15 16 16 16 16 16 17 17 18 18 18 18 18 18 19 19 19 19 19 19 19 19 19 20 20 20 20 21 21 21 21 21 21 21 21 21 21 21 21 21 21 22 22 22 22 23 23 23 23 23 23 23 24 24 24 24 24 24 25 25 25 25 25 25 25 25 25 25 26 26 26 26 26 26 26 26 26 27 27 27 27 28 28 28 28 28 29 29 29 30 30 31 31 31 31 32 33 33 34 34 37 37 37 38 38 38 39 39 42 45 45 48 49 52 52 
66 103 2 2 2 3 4 6 6 6 7 7 7 7 7 8 8 8 9 9 9 10 10 10 11 11 11 11 11 11 11 12 12 12 12 12 12 12 13 14 14 14 14 14 14 14 14 15 15 15 15 15 15 16 16 16 17 17 17 17 18 18 18 18 19 19 19 20 20 20 20 20 21 21 21 21 22 23 23 24 24 24 25 26 26 27 28 28 28 29 29 30 30 31 31 31 32 37 40 42 42 44 50 62 67 
66.5 63 0 2 2 3 3 4 4 4 4 5 6 6 7 7 8 8 8 9 9 10 10 11 11 11 12 12 12 12 13 14 14 14 14 14 15 15 16 16 16 16 17 17 17 18 18 19 20 20 20 23 23 25 25 25 28 33 33 34 36 38 40 43 45 
67 38 0 4 4 6 7 7 7 7 7 8 9 9 9 10 11 11 11 12 12 13 13 13 14 14 14 14 14 18 19 23 26 27 27 28 28 31 38 47 
67.5 23 1 2 4 4 4 5 5 5 5 6 6 6 6 7 7 7 8 11 12 16 20 27 39 
68 30 0 0 1 1 1 1 2 2 3 4 4 4 4 5 5 5 6 6 6 7 7 7 8 8 9 10 11 13 14 16 
68.5 11 1 3 3 4 4 5 6 8 10 13 14 
69 19 2 2 4 4 5 6 7 7 7 7 8 9 9 10 10 10 10 11 21 
69.5 8 1 2 2 4 4 6 8 11 
70 96 0 0 0 1 1 1 1 1 1 2 2 2 2 2 2 2 2 3 3 3 3 3 3 3 3 3 3 3 3 3 3 3 4 4 4 4 4 4 4 4 4 4 4 4 4 4 4 4 5 5 5 5 6 6 6 6 6 6 6 6 6 6 7 7 7 7 7 7 7 7 7 8 8 8 8 8 8 9 10 10 10 10 11 11 12 12 14 14 15 15 15 16 17 18 20 20 
70.5 11 1 1 1 2 2 2 3 4 4 6 9 
71 4 1 2 3 5 
71.5 5 2 2 3 4 11 
72 60 1 1 1 2 2 2 2 2 2 2 2 2 3 3 4 4 4 4 5 5 5 5 6 6 6 6 6 6 7 7 7 7 7 8 8 8 8 8 8 8 8 8 8 8 9 9 10 10 10 10 11 11 13 13 14 14 17 18 24 28 
72.5 9 1 1 1 2 3 4 4 5 6 
73 10 0 0 0 2 2 3 4 4 5 5 
73.5 5 0 0 2 3 4 
74 5 0 0 3 5 7 
74.5 2 1 1 
75 78 0 0 0 0 0 0 0 0 0 0 0 0 0 0 0 0 1 1 1 1 1 1 1 1 1 1 1 1 1 1 1 1 1 1 2 2 2 2 2 2 2 3 3 3 3 3 3 3 3 4 4 4 4 4 4 5 5 5 5 5 5 5 6 6 6 6 6 6 6 6 7 7 7 7 8 9 11 11 
80 13 0 1 1 3 5 7 8 10 24 28 30 42 63 
85 27 1 1 2 2 2 2 3 3 4 4 4 4 4 4 4 4 5 5 5 6 6 8 8 10 11 12 12 
价格 任务数 对应任务在4 km内的用户数
65 65 14 14 15 17 17 17 17 18 18 21 22 22 22 22 23 23 25 26 27 29 33 33 34 34 35 35 37 38 39 41 43 44 44 44 46 48 48 49 49 50 51 52 54 54 54 55 58 62 62 62 63 63 65 65 66 71 73 74 75 79 79 89 90 90 91 
65.5 150 7 7 8 11 11 12 12 13 13 13 13 13 15 16 19 19 20 21 21 21 21 22 22 23 23 23 23 24 24 24 24 24 25 25 25 25 25 25 26 26 26 26 27 27 28 28 28 29 29 29 29 30 30 30 30 30 31 31 31 32 32 32 32 32 32 32 32 32 33 33 33 33 33 33 33 34 34 34 34 34 34 34 34 35 35 35 35 35 35 36 36 36 36 36 36 36 36 36 36 36 37 37 37 38 38 38 39 39 39 39 39 40 40 40 40 41 43 44 45 45 45 45 46 46 47 47 48 48 49 49 51 55 57 61 62 64 64 65 67 67 68 68 69 71 71 71 75 83 87 89 
66 103 4 6 6 7 7 8 9 9 11 11 11 11 13 13 14 14 14 14 15 16 16 17 17 17 17 18 19 19 19 19 20 20 20 20 21 21 21 22 22 23 23 23 23 23 23 23 24 24 24 25 25 26 26 26 26 27 28 28 29 29 29 30 31 31 32 32 32 34 35 35 36 36 38 39 39 39 39 39 40 40 41 43 44 44 45 45 45 45 46 46 46 51 52 52 53 53 61 63 68 69 72 92 94 
66.5 63 1 2 2 6 8 8 8 8 9 12 12 12 14 15 15 16 16 17 19 19 20 20 20 20 20 21 21 21 23 23 24 24 25 26 26 26 26 27 28 28 29 29 29 30 32 37 37 39 39 40 40 41 41 41 43 45 49 55 56 57 62 73 75 
67 38 1 7 8 8 11 12 13 15 16 16 17 17 18 18 18 20 20 21 21 22 23 24 24 24 28 28 28 28 30 33 33 38 42 50 51 52 57 58 
67.5 23 2 2 4 6 6 6 7 7 8 10 10 10 11 12 12 15 15 18 18 21 41 49 62 
68 30 1 3 3 4 4 4 6 6 6 6 7 7 8 8 8 8 8 8 9 9 9 14 15 15 17 20 22 23 31 39 
68.5 11 4 5 7 7 7 12 18 18 19 21 31 
69 19 2 5 8 9 10 11 11 11 12 13 13 13 13 17 19 25 30 30 41 
69.5 8 1 4 5 5 6 11 11 16 
70 96 0 1 1 1 1 1 1 1 2 2 2 2 3 3 3 3 4 4 4 4 4 5 6 6 6 6 6 6 6 6 6 7 7 7 7 7 7 7 7 7 7 7 7 7 7 7 7 7 7 7 8 8 8 8 8 8 8 9 9 9 9 10 10 10 10 10 10 10 11 11 11 12 12 12 12 12 13 14 14 15 16 16 16 17 17 17 18 18 18 18 19 23 25 25 29 29 
70.5 11 4 4 5 6 6 6 7 7 7 7 12 
71 4 2 3 6 8 
71.5 5 2 4 6 6 14 
72 60 1 1 2 2 2 2 2 3 3 3 4 6 6 6 6 7 7 7 8 8 8 8 8 8 8 8 8 8 9 9 9 10 10 10 10 10 11 11 12 12 12 12 13 13 13 14 14 15 16 18 19 19 19 21 22 22 24 24 28 52 
72.5 9 2 4 5 5 6 6 7 7 8 
73 10 0 2 2 3 3 4 4 4 6 9 
73.5 5 1 1 4 5 7 
74 5 1 1 5 5 10 
74.5 2 2 3 
75 78 0 0 0 0 0 0 0 0 0 0 0 0 0 1 1 1 1 1 1 1 1 1 1 1 1 1 1 1 2 2 2 2 2 3 3 3 3 4 4 4 4 4 4 4 4 5 5 5 5 5 5 6 6 6 6 6 7 7 7 7 7 7 7 7 7 8 8 8 8 9 9 10 10 11 12 12 16 16 
80 13 0 2 3 3 6 8 15 17 38 39 49 51 99 
85 27 1 2 3 3 4 4 4 4 5 6 6 7 7 8 8 9 9 9 9 12 12 13 16 16 17 19 20 
价格 任务数 对应任务在5 km内的用户数
65 65 19 21 21 21 26 26 26 26 26 26 26 26 27 28 35 35 36 38 39 40 40 41 41 44 45 54 56 60 61 62 62 63 64 65 65 65 66 66 67 67 68 70 71 80 81 81 81 83 86 86 87 88 89 93 94 102 107 112 114 115 116 116 117 117 118 
65.5 150 10 10 10 14 14 14 15 17 18 19 19 19 22 23 25 26 26 26 26 27 27 29 29 29 30 30 31 32 33 33 34 34 35 35 35 35 36 36 36 37 38 38 39 39 40 40 40 41 41 41 41 41 41 41 41 42 42 42 42 42 43 43 43 43 43 43 43 43 44 44 44 44 44 44 44 44 44 44 45 45 45 46 46 46 46 46 47 47 48 48 48 48 49 49 51 51 51 51 52 53 54 54 55 56 56 59 59 59 59 59 60 61 62 62 62 62 63 63 63 63 64 65 66 67 67 69 71 71 73 75 77 81 84 86 89 91 91 92 93 100 100 100 101 107 107 113 115 115 116 124 
66 103 9 9 9 10 10 10 14 16 18 18 18 20 20 21 21 22 23 23 23 23 23 23 24 24 24 24 25 27 28 29 29 30 31 31 32 32 32 32 32 32 33 33 33 34 34 34 34 35 35 35 36 36 38 39 39 39 41 42 43 44 44 44 44 44 46 47 47 48 49 50 51 53 53 53 54 54 55 56 57 57 59 63 63 63 67 68 68 69 72 74 74 77 80 80 82 83 84 86 87 87 111 124 127 
66.5 63 2 2 2 8 9 10 10 13 16 17 17 17 19 21 21 22 22 25 27 28 28 28 29 29 29 30 32 34 34 34 35 35 36 36 37 37 37 38 38 38 39 40 41 43 47 47 50 50 54 54 56 56 57 60 64 67 67 67 67 77 78 97 100 
67 38 2 12 13 13 13 17 21 21 22 23 24 25 25 26 27 28 29 30 30 31 33 33 35 37 40 40 40 49 49 49 50 55 59 60 66 67 68 68 
67.5 23 2 5 8 9 10 10 14 14 14 15 17 17 17 17 18 21 23 27 33 34 59 77 81 
68 30 5 6 6 7 7 8 8 9 9 10 11 12 13 13 13 14 14 14 15 18 19 19 19 20 24 34 36 39 43 72 
68.5 11 7 10 11 11 16 20 21 22 28 31 35 
69 19 3 9 11 13 14 15 17 18 22 22 22 22 22 30 31 34 38 38 61 
69.5 8 1 7 8 9 15 16 23 24 
70 96 0 1 1 1 1 2 2 2 3 3 4 4 4 5 5 6 6 7 7 7 7 7 7 7 7 7 8 8 8 8 8 8 8 8 8 8 8 8 8 9 9 10 10 10 11 11 11 11 11 11 11 11 12 12 12 13 13 13 13 14 14 14 14 14 14 14 16 16 17 17 18 18 18 18 18 19 19 19 19 19 19 19 19 19 19 19 20 25 27 27 30 30 33 36 38 42 
70.5 11 6 8 8 9 9 11 12 12 13 18 24 
71 4 5 11 18 18 
71.5 5 4 6 8 11 16 
72 60 1 1 2 2 2 3 4 5 5 5 7 7 8 9 9 9 10 10 10 11 11 11 11 11 12 12 12 12 12 12 13 13 13 14 15 15 16 16 16 17 18 20 21 21 22 22 22 22 24 24 26 26 27 27 30 31 34 34 40 65 
72.5 9 3 6 6 6 7 10 11 11 16 
73 10 1 3 3 4 5 5 5 5 8 18 
73.5 5 1 2 5 5 7 
74 5 1 3 6 7 10 
74.5 2 3 4 
75 78 0 0 0 0 0 0 0 1 1 1 1 1 1 1 1 1 1 1 1 1 1 2 2 2 2 2 2 3 3 3 3 4 4 4 4 4 4 4 5 5 5 5 6 7 7 7 7 7 8 8 8 8 8 8 8 8 9 9 9 9 9 9 10 11 11 12 12 13 13 13 13 14 15 15 18 18 19 19 
80 13 0 3 6 7 10 11 21 22 58 58 61 68 122 
85 27 1 4 5 5 5 6 7 8 9 9 9 9 11 11 14 14 17 18 19 19 19 19 21 22 22 23 24 
价格 任务数 对应任务在6 km内的用户数
65 65 19 26 26 26 29 29 29 30 30 33 33 34 36 37 42 46 46 47 48 51 51 53 54 60 64 70 73 75 77 77 78 89 89 91 91 92 93 93 95 96 96 100 100 102 105 110 111 113 119 126 128 130 130 134 138 145 145 147 150 150 152 152 152 156 156 
65.5 150 19 19 19 20 20 20 22 22 25 25 25 26 26 26 28 29 30 32 32 32 33 33 34 35 37 39 40 41 42 43 43 43 45 46 46 47 47 48 48 48 49 50 50 50 50 50 50 51 51 51 52 52 53 53 53 53 53 54 54 54 54 54 54 55 55 55 55 55 56 56 56 57 57 58 58 59 59 59 59 60 61 61 61 62 62 64 64 64 66 67 67 68 68 69 69 70 71 73 75 75 76 76 76 76 77 77 77 77 77 78 78 79 79 82 84 85 86 87 88 89 93 93 93 95 96 99 99 101 102 102 104 107 114 114 123 126 127 129 132 132 133 134 135 136 139 141 149 149 150 157 
66 103 10 10 10 10 10 15 18 23 23 23 23 25 25 27 27 28 28 29 30 30 31 32 33 34 34 36 37 38 39 40 40 41 41 41 41 42 43 43 43 43 43 44 44 45 45 46 47 47 48 48 48 49 49 50 50 51 51 51 51 52 55 57 58 59 60 67 68 68 68 70 71 71 73 74 74 74 74 75 76 76 80 81 89 90 93 93 94 96 96 100 101 102 103 105 106 108 110 111 115 119 140 141 149 
66.5 63 2 2 2 10 11 11 14 21 22 22 22 26 26 27 29 32 32 34 35 37 38 40 40 41 41 43 43 43 44 45 45 45 46 47 47 47 48 49 52 53 55 57 64 68 68 69 71 72 72 74 76 78 80 81 85 88 94 95 97 105 108 121 131 
67 38 2 14 16 17 21 22 24 26 28 34 34 35 35 35 35 36 37 37 38 41 42 43 45 46 51 51 58 60 71 72 75 76 76 78 84 87 91 95 
67.5 23 5 6 10 11 12 14 17 20 26 27 27 28 28 28 28 33 41 43 45 47 67 108 121 
68 30 7 7 7 9 10 10 10 12 14 17 20 20 20 21 22 23 23 23 25 27 28 29 30 30 38 41 45 49 56 88 
68.5 11 13 14 14 19 24 28 29 31 34 39 41 
69 19 5 16 17 17 20 22 23 26 29 32 32 32 32 36 44 59 59 63 70 
69.5 8 3 10 14 19 21 24 26 37 
70 96 0 1 1 1 1 2 5 6 6 7 7 8 8 8 8 8 8 8 8 8 8 8 8 8 8 9 9 9 9 9 9 9 9 9 10 10 10 10 10 10 11 12 13 13 14 14 14 15 15 15 16 16 16 16 17 17 17 17 18 18 18 19 19 19 19 20 20 20 20 21 21 21 21 23 23 23 24 25 25 25 25 25 27 28 28 28 30 31 32 35 38 38 38 43 51 55 
70.5 11 8 9 12 12 13 15 15 19 21 27 50 
71 4 7 16 22 23 
71.5 5 5 10 14 17 19 
72 60 2 2 3 3 4 6 6 7 8 8 8 9 10 11 11 12 13 13 15 15 15 16 16 16 16 17 17 17 18 18 18 18 18 18 19 19 20 22 24 25 25 26 26 27 29 31 33 35 36 36 36 36 38 38 39 40 40 45 56 77 
72.5 9 3 6 8 10 12 12 14 15 23 
73 10 2 5 6 7 8 10 14 15 16 39 
73.5 5 2 4 5 6 18 
74 5 1 3 7 9 10 
74.5 2 3 7 
75 78 0 0 0 0 0 1 1 1 1 1 1 1 1 1 1 2 2 2 2 2 3 3 3 4 4 4 4 4 4 4 5 5 5 5 5 5 6 6 6 7 7 7 7 8 8 8 8 8 9 9 9 9 10 10 11 11 11 12 13 14 14 14 15 15 16 16 17 18 18 19 19 20 20 20 21 21 23 26 
80 13 0 8 9 10 10 15 25 37 64 82 90 100 162 
85 27 1 6 6 7 8 10 10 12 12 12 15 15 18 20 20 20 23 25 26 27 29 31 32 35 37 38 41 
价格 任务数 对应任务在7 km内的用户数
65 65 20 31 31 32 34 34 35 35 38 46 49 49 50 51 53 54 58 59 61 62 63 64 65 81 81 95 96 97 98 98 99 99 101 101 102 106 116 118 119 121 123 125 143 143 148 150 151 154 163 167 170 181 183 185 185 185 186 188 188 188 189 190 190 191 193 
65.5 150 20 26 27 27 28 29 30 30 30 32 32 32 32 33 33 35 36 36 36 36 37 38 40 42 49 49 53 53 53 54 54 54 55 55 55 55 56 56 56 56 57 57 57 57 57 57 57 57 57 58 58 59 59 59 60 60 61 61 62 62 63 65 65 66 67 67 68 69 71 71 71 72 72 72 74 74 75 77 77 78 78 79 79 79 80 81 82 82 82 83 84 85 87 87 89 89 89 90 90 91 91 91 91 92 92 95 97 99 100 100 101 103 105 107 108 109 112 114 114 119 119 119 121 128 132 133 133 135 135 141 141 142 149 150 158 165 166 166 169 169 169 174 176 180 181 187 187 187 191 192 
66 103 11 12 13 15 15 23 27 28 28 28 28 28 30 31 33 35 35 36 36 38 38 40 43 43 44 44 46 46 47 48 50 51 51 51 52 52 53 54 54 55 55 56 56 56 57 57 57 57 58 58 59 60 60 61 61 65 67 68 69 71 71 72 72 75 78 78 81 81 82 84 85 86 87 87 88 94 94 95 95 103 103 107 108 108 113 117 120 128 130 133 135 136 140 140 140 141 145 148 152 154 165 169 175 
66.5 63 3 3 6 11 14 15 17 32 32 32 33 33 33 35 39 39 44 45 48 51 52 52 53 54 55 55 57 57 58 59 59 59 59 59 60 61 61 63 65 66 71 77 80 80 82 85 86 86 89 89 90 99 110 111 112 115 116 119 128 139 139 154 158 
67 38 4 19 25 27 32 33 35 36 38 39 40 41 45 45 48 49 49 51 52 53 54 56 60 61 64 64 69 84 89 90 98 99 101 104 106 111 112 122 
67.5 23 8 13 15 16 17 20 21 33 33 33 39 39 39 40 40 41 57 57 59 61 93 129 173 
68 30 8 8 8 10 11 14 15 15 18 19 30 31 32 34 34 35 36 38 38 38 38 38 44 47 48 51 62 66 68 100 
68.5 11 16 21 21 29 33 40 40 45 45 49 52 
69 19 7 18 26 26 31 31 32 39 39 39 39 39 40 46 51 86 89 94 94 
69.5 8 4 15 17 27 32 37 38 56 
70 96 0 1 2 2 3 3 7 8 8 8 8 8 8 8 8 8 8 9 9 9 9 10 10 11 11 11 11 12 12 12 12 12 13 13 13 14 14 14 14 14 16 16 16 16 17 18 18 19 19 19 20 20 20 20 20 21 21 21 21 21 21 22 22 22 24 24 25 25 27 27 27 27 28 28 28 28 29 29 30 31 31 32 33 36 37 37 37 39 43 44 45 47 49 53 67 68 
70.5 11 8 12 14 14 19 19 21 30 32 34 65 
71 4 7 25 35 36 
71.5 5 8 16 22 23 24 
72 60 3 3 4 4 5 7 8 8 9 10 12 13 14 14 14 15 16 17 18 18 19 20 21 21 21 22 24 24 24 24 24 25 26 26 26 28 30 30 31 31 33 33 38 40 40 41 41 42 44 44 47 48 48 48 49 49 54 58 74 90 
72.5 9 7 8 8 14 16 17 18 23 44 
73 10 4 7 8 8 10 16 19 19 27 70 
73.5 5 4 6 8 9 26 
74 5 2 5 8 14 14 
74.5 2 3 13 
75 78 0 0 0 0 1 1 1 1 1 1 1 2 2 2 2 3 3 3 4 4 4 4 5 5 5 5 5 6 6 6 6 6 6 6 7 7 7 7 8 8 8 8 8 8 8 9 9 10 10 10 10 11 12 12 13 13 16 16 16 17 19 19 20 21 22 22 23 24 25 26 26 27 28 29 30 31 32 37 
80 13 0 8 10 12 13 28 33 53 79 100 121 144 195 
85 27 1 6 6 8 8 13 15 16 16 19 19 20 20 25 27 30 31 34 34 38 39 39 40 47 49 50 52 
价格 任务数 对应任务在8 km内的用户数
65 65 24 37 37 38 38 38 39 39 44 60 62 62 66 66 66 66 68 68 72 83 84 84 86 93 95 111 112 112 112 118 125 125 133 136 137 137 140 151 151 154 155 155 169 202 203 210 211 211 212 213 215 219 220 220 220 229 233 235 237 238 238 239 244 245 246 
65.5 150 24 32 35 35 35 36 36 37 37 37 37 38 39 41 42 43 43 44 46 46 47 48 50 54 58 59 59 60 60 60 61 61 61 61 62 62 63 64 64 64 65 65 65 65 65 65 66 66 66 67 67 67 67 68 69 72 72 73 73 73 74 75 76 78 79 80 81 81 81 82 83 86 86 87 88 88 88 90 90 90 91 92 92 94 95 96 97 98 98 99 100 103 106 106 106 112 113 113 113 114 115 115 116 116 119 119 120 122 122 125 126 127 129 129 136 139 139 143 143 145 147 149 151 156 160 166 170 171 171 185 188 192 192 199 199 203 204 205 207 207 210 215 215 222 227 232 234 235 244 244 
66 103 17 17 18 18 21 29 30 34 34 34 35 36 39 39 40 42 43 43 45 45 49 51 54 54 55 55 55 57 57 58 58 59 59 59 61 62 63 63 65 65 65 66 66 66 67 67 68 70 70 71 74 77 77 77 77 79 80 86 88 89 89 90 90 91 92 92 93 98 99 100 102 102 103 107 110 113 115 115 117 120 126 129 129 142 145 147 155 163 165 169 171 172 172 172 178 180 187 188 188 199 202 204 205 
66.5 63 3 3 12 16 18 21 26 37 42 43 44 45 45 45 48 51 56 57 58 61 61 61 63 63 64 66 66 68 68 72 73 73 74 75 76 83 85 86 86 90 93 94 94 94 99 100 100 104 107 109 113 125 126 139 140 144 148 162 164 166 170 182 191 
67 38 12 27 32 33 42 42 43 45 46 48 49 52 53 58 62 62 62 63 64 65 70 70 71 73 86 95 98 99 115 120 122 124 134 136 147 149 151 153 
67.5 23 15 18 19 20 21 26 29 41 42 42 47 49 49 49 50 58 81 83 90 93 116 141 218 
68 30 10 10 11 12 14 19 21 21 22 26 32 40 41 43 47 50 51 53 53 55 55 55 55 56 57 57 77 79 82 115 
68.5 11 21 24 24 35 37 48 53 65 68 69 79 
69 19 14 24 31 35 40 42 47 47 47 47 47 52 53 57 58 111 125 125 131 
69.5 8 6 22 22 36 46 50 51 83 
70 96 0 1 3 3 3 3 8 8 8 8 8 8 9 9 9 9 9 10 10 11 12 13 13 13 13 14 14 14 14 14 14 14 15 16 16 16 16 19 19 19 19 20 20 21 22 22 22 23 23 23 23 24 24 24 24 24 24 24 25 25 26 26 29 29 30 31 31 32 32 32 33 33 33 35 35 37 37 37 38 39 43 44 48 53 54 54 54 54 56 57 57 57 59 62 85 95 
70.5 11 13 16 16 16 21 22 34 38 47 48 84 
71 4 10 47 51 52 
71.5 5 9 20 25 29 32 
72 60 3 3 6 6 8 9 10 10 14 15 15 15 16 16 20 21 23 23 23 24 24 26 27 27 28 29 29 29 30 31 32 32 33 33 33 35 35 37 38 40 42 44 46 46 47 48 48 49 50 51 55 56 59 61 61 63 63 73 90 118 
72.5 9 9 9 11 17 18 22 23 32 76 
73 10 8 9 9 10 17 20 25 25 41 89 
73.5 5 8 10 11 14 36 
74 5 2 6 8 17 18 
74.5 2 3 17 
75 78 0 0 0 0 1 1 1 1 2 2 2 2 3 3 3 3 3 4 5 5 5 6 6 6 7 7 7 7 8 8 8 8 8 9 9 9 9 10 10 10 10 11 11 11 12 12 12 12 12 13 13 13 14 14 16 16 18 18 19 19 23 24 24 26 27 29 29 31 31 32 33 33 35 38 38 40 42 52 
80 13 0 10 11 19 22 36 39 76 94 113 169 178 217 
85 27 1 8 8 9 10 15 16 20 20 23 24 32 32 32 36 39 40 42 42 43 44 48 51 67 70 77 80 
价格 任务数 对应任务在9 km内的用户数
65 65 25 39 39 39 48 49 50 53 53 68 72 73 79 79 80 82 83 87 91 109 110 114 115 117 119 141 147 151 151 159 160 162 163 165 166 167 173 182 185 185 197 198 199 239 244 244 244 245 246 249 254 256 257 260 261 270 271 273 273 276 279 279 282 283 289 
65.5 150 26 38 38 39 39 39 41 41 44 44 44 45 46 47 47 50 51 51 53 56 58 59 65 65 66 67 67 68 68 68 68 68 68 69 70 71 72 72 72 72 72 73 73 73 73 73 74 74 74 76 77 78 78 82 83 84 84 86 86 86 86 86 88 89 92 94 94 95 96 97 98 98 98 99 100 100 100 102 103 103 104 104 106 107 110 111 111 114 123 124 125 126 126 131 132 135 135 137 141 148 149 149 152 152 153 153 155 158 158 158 158 161 164 166 167 167 167 171 177 179 180 181 181 188 191 199 200 200 217 222 224 224 227 243 243 244 245 247 247 258 259 259 263 264 269 271 271 271 273 273 
66 103 19 20 20 25 29 36 38 38 38 38 41 42 50 52 53 55 55 55 55 56 58 60 62 62 62 63 63 64 65 65 65 66 67 67 68 71 72 72 73 74 74 74 75 75 80 81 81 82 84 85 85 93 94 94 94 94 94 96 101 103 106 106 112 114 114 115 117 119 121 121 122 123 124 130 132 132 134 138 140 150 150 164 164 167 176 190 193 194 194 195 196 202 202 204 206 213 214 229 238 241 246 247 255 
66.5 63 3 3 19 20 21 29 34 43 52 56 56 56 56 57 58 62 65 65 66 70 70 71 71 71 75 79 79 79 82 83 85 95 95 95 99 99 101 102 109 110 110 110 120 122 122 123 124 127 130 134 137 141 145 162 177 183 194 200 206 212 215 216 225 
67 38 18 33 37 38 46 48 52 55 56 57 64 65 66 68 69 69 70 76 82 86 87 91 102 105 117 123 129 130 137 138 140 152 160 166 177 189 189 192 
67.5 23 23 23 23 26 27 31 39 48 50 59 59 60 61 62 62 66 96 97 115 133 136 170 248 
68 30 17 17 17 17 20 24 24 25 28 38 41 56 59 61 61 63 65 65 66 68 71 72 73 74 76 82 91 95 111 130 
68.5 11 24 30 30 44 46 60 60 83 92 98 108 
69 19 18 29 45 48 52 54 55 59 64 64 64 64 65 69 87 135 149 149 164 
69.5 8 11 27 28 51 55 55 63 104 
70 96 0 2 3 3 3 3 9 9 9 9 9 9 9 9 9 9 13 13 13 13 13 14 14 14 15 15 15 15 17 18 18 18 19 19 20 20 21 22 22 22 23 24 24 25 25 26 26 26 27 27 27 27 28 30 30 30 30 31 31 31 32 33 33 34 36 37 37 37 37 39 40 42 43 45 45 45 46 47 48 56 58 61 62 63 64 66 74 76 76 78 79 79 79 88 96 109 
70.5 11 17 17 19 20 23 25 51 58 61 62 101 
71 4 14 53 64 86 
71.5 5 10 25 28 31 51 
72 60 3 4 10 10 11 11 13 13 14 17 18 19 20 24 26 28 28 29 29 30 30 30 32 33 35 35 38 39 42 42 42 44 45 45 46 47 48 48 53 53 53 54 54 54 55 55 56 60 61 61 62 64 66 66 67 69 71 89 106 157 
72.5 9 13 13 14 18 20 26 28 41 100 
73 10 10 10 10 13 21 27 27 28 72 111 
73.5 5 10 12 12 19 41 
74 5 3 10 12 24 28 
74.5 2 3 23 
75 78 0 0 0 1 1 1 2 2 2 3 3 3 3 3 4 4 4 5 6 6 7 8 8 8 9 9 9 9 9 9 9 9 10 10 11 11 11 11 12 13 13 13 13 14 15 15 15 16 17 17 18 19 19 21 21 22 22 22 23 25 25 26 28 31 32 33 35 36 36 39 42 43 45 46 49 51 60 71 
80 13 0 12 13 23 27 47 57 108 121 149 199 215 246 
85 27 1 10 11 12 12 17 18 24 25 36 39 40 42 48 50 51 52 52 56 59 60 65 72 93 105 108 116 
价格 任务数 对应任务在10 km内的用户数
65 65 34 42 43 43 51 55 55 55 55 77 77 83 89 101 101 101 101 102 111 129 134 139 141 149 151 164 165 177 182 182 186 187 200 201 203 205 208 210 213 218 233 238 239 262 277 279 280 281 282 283 284 285 287 287 294 304 308 316 316 317 322 323 324 324 326 
65.5 150 35 42 43 44 44 45 48 51 54 54 55 55 57 60 62 62 67 68 68 69 70 70 71 71 71 72 73 73 74 76 76 76 77 77 77 78 78 79 79 79 80 80 80 82 82 82 85 85 87 87 90 90 91 92 92 93 94 94 94 95 97 97 102 104 106 108 108 109 111 112 112 113 114 115 117 118 118 120 122 124 124 125 132 132 133 135 136 136 138 142 146 147 157 163 166 166 167 170 177 178 179 182 184 187 187 188 189 189 190 190 192 200 202 204 206 207 208 209 210 211 213 214 215 217 221 232 232 243 257 258 266 268 270 274 276 277 281 283 287 288 291 296 304 305 306 306 308 311 311 315 
66 103 22 24 24 34 36 41 42 42 42 43 46 50 58 62 63 63 67 69 69 70 71 72 72 72 72 73 73 75 77 78 78 79 79 79 80 80 82 82 82 83 83 85 85 85 87 90 93 99 100 101 102 102 105 108 112 113 114 119 122 122 130 130 132 132 134 137 137 138 138 140 141 143 156 157 158 162 164 164 170 177 177 179 204 207 217 218 218 219 223 238 240 242 243 245 247 258 263 263 264 271 296 303 310 
66.5 63 4 4 24 24 30 36 47 51 59 66 67 67 67 67 70 71 71 74 75 75 75 75 77 77 88 90 91 91 91 91 102 104 104 112 117 126 128 131 133 133 136 142 144 145 146 146 146 149 151 156 159 161 186 193 196 215 237 239 252 257 260 262 268 
67 38 27 40 42 51 53 55 64 66 67 67 71 72 74 74 75 76 81 86 95 98 109 124 124 133 135 149 155 157 157 160 167 176 190 200 208 220 221 232 
67.5 23 23 30 32 35 38 48 53 70 71 72 72 74 79 80 82 84 112 113 141 150 175 190 282 
68 30 21 23 24 25 25 29 34 38 39 42 60 66 70 72 72 73 75 77 79 79 89 90 90 92 108 109 111 126 147 151 
68.5 11 29 48 48 52 59 70 70 111 113 133 136 
69 19 27 33 55 57 59 64 70 74 78 78 78 78 79 80 124 149 188 188 198 
69.5 8 13 30 34 58 60 71 76 113 
70 96 0 2 3 3 3 4 9 9 9 9 9 9 9 9 9 10 14 15 15 15 15 15 16 16 16 17 17 18 20 21 23 24 24 26 27 27 27 27 27 28 28 29 29 29 29 30 30 33 33 33 33 34 35 35 35 35 35 35 36 37 38 39 39 39 40 40 40 44 46 46 49 49 49 49 55 56 58 59 65 68 68 75 76 78 78 83 93 96 97 103 108 109 109 109 127 131 
70.5 11 18 18 25 25 27 28 65 76 78 81 117 
71 4 17 63 78 112 
71.5 5 13 30 33 37 71 
72 60 4 5 13 13 14 14 17 17 18 20 20 25 26 28 30 33 34 34 35 36 38 38 39 42 43 43 45 50 51 52 53 57 58 59 60 61 62 62 62 63 63 63 64 64 65 68 69 70 71 72 72 72 72 73 75 76 81 112 117 199 
72.5 9 15 16 18 19 20 33 35 54 120 
73 10 10 10 14 20 28 33 36 38 94 128 
73.5 5 10 20 21 28 49 
74 5 3 12 13 29 31 
74.5 2 3 26 
75 78 0 0 0 1 2 2 2 2 2 3 3 3 6 6 6 6 6 7 7 8 8 9 9 9 10 10 10 10 11 11 11 12 12 13 14 15 15 17 17 18 18 18 18 19 19 21 21 21 22 22 24 24 25 25 26 27 27 28 28 30 32 33 33 34 39 40 42 43 44 45 49 52 59 63 63 64 82 86 
80 13 1 13 14 31 33 54 74 138 156 184 233 252 286 
85 27 2 13 13 14 14 19 28 31 31 41 53 55 57 57 58 61 66 66 67 78 90 97 100 107 144 152 155 
价格 任务数 对应任务在11 km内的用户数
65 65 44 48 51 52 58 68 69 70 70 84 87 99 101 110 113 113 113 113 136 174 178 181 182 182 183 194 195 200 202 207 214 235 237 237 239 239 240 241 245 248 270 275 278 289 312 313 313 315 317 319 320 322 325 325 333 352 352 354 354 355 355 356 356 364 364 
65.5 150 41 46 47 47 48 55 57 63 66 68 69 69 69 71 72 73 74 77 77 78 78 78 79 80 80 81 82 82 83 83 84 85 85 86 88 88 88 88 91 91 92 93 93 94 95 97 98 98 99 100 100 101 101 101 102 103 103 103 103 103 109 109 112 113 114 116 116 121 123 124 134 136 136 137 140 140 141 141 143 145 150 152 153 156 164 166 166 171 177 178 178 182 183 188 191 202 204 206 207 210 210 211 214 216 216 218 218 225 227 228 228 229 230 230 233 240 240 241 243 245 251 252 255 258 275 276 276 279 286 292 294 301 301 304 307 314 317 320 321 323 328 343 344 348 349 351 352 352 352 357 
66 103 25 26 27 47 47 47 47 48 49 49 54 67 69 71 72 73 74 76 77 78 78 78 79 81 82 82 83 83 87 88 89 90 90 91 91 92 92 92 93 93 95 100 103 104 105 107 108 109 109 110 115 116 120 124 124 124 131 131 143 145 145 146 151 151 154 154 161 161 162 166 172 174 174 175 179 181 195 197 200 204 214 220 223 241 242 244 246 252 258 271 271 272 275 278 287 292 298 299 307 307 335 342 351 
66.5 63 5 5 25 26 34 48 54 64 69 72 74 80 80 81 81 81 81 85 86 87 88 88 91 94 94 97 99 105 107 108 112 112 112 131 141 144 149 150 150 156 161 162 167 167 170 175 179 180 180 183 187 208 215 216 223 257 284 287 288 289 293 294 305 
67 38 31 45 55 60 61 64 69 72 76 78 81 82 82 83 84 86 91 92 114 115 138 143 145 150 153 158 177 178 182 183 196 213 228 236 238 245 247 266 
67.5 23 30 39 40 50 52 65 71 80 81 81 81 84 87 93 94 98 124 125 157 176 202 209 327 
68 30 26 29 30 30 32 32 41 45 46 49 66 72 78 78 78 83 86 90 92 96 106 108 108 117 123 143 152 153 176 182 
68.5 11 31 58 66 66 74 75 77 122 140 157 167 
69 19 36 41 61 70 75 75 77 88 90 90 90 90 93 96 151 178 230 230 233 
69.5 8 18 31 44 67 70 79 103 136 
70 96 0 3 4 4 4 5 9 10 10 10 10 10 10 10 10 10 15 15 16 16 17 17 19 19 21 24 24 25 25 25 26 26 27 30 31 32 32 32 33 33 34 35 35 36 36 36 36 38 38 39 39 39 39 40 40 40 40 41 41 41 41 43 43 43 43 45 48 52 53 54 55 58 58 59 60 61 71 77 81 81 83 84 84 94 94 110 110 111 116 118 132 132 132 149 151 163 
70.5 11 23 23 26 28 31 32 77 88 97 103 138 
71 4 22 68 90 143 
71.5 5 13 33 40 56 87 
72 60 5 5 17 19 19 19 21 21 22 23 25 31 32 38 42 43 44 45 47 47 48 49 49 49 50 54 55 58 62 63 68 68 68 69 70 72 73 73 73 74 74 74 74 74 75 75 76 77 80 81 82 83 83 85 86 88 88 125 145 237 
72.5 9 19 20 21 26 28 40 44 63 134 
73 10 10 10 14 25 30 40 42 45 110 133 
73.5 5 10 24 28 36 58 
74 5 4 16 18 32 33 
74.5 2 3 34 
75 78 0 0 1 2 2 2 2 3 3 3 4 6 7 8 8 8 8 8 9 10 10 10 10 10 10 11 12 12 12 12 13 14 15 15 15 20 21 22 23 25 25 25 25 25 26 26 26 28 30 30 30 31 31 31 32 33 33 33 33 34 36 37 39 44 44 45 47 47 48 52 60 66 71 74 77 88 98 114 
80 13 2 15 15 40 42 66 88 173 192 205 268 285 339 
85 27 2 13 15 15 16 24 33 35 35 53 57 62 70 70 73 73 77 79 79 95 119 124 130 141 189 189 193 
价格 任务数 对应任务在12 km内的用户数
65 65 46 64 64 64 65 74 75 77 77 96 97 104 123 126 129 129 129 131 182 206 207 209 213 213 218 225 227 230 231 231 235 261 263 265 269 272 278 281 281 282 304 305 319 328 340 341 344 345 345 353 355 355 362 368 373 384 384 384 385 386 386 386 387 387 387 
65.5 150 46 51 55 56 56 64 68 71 77 80 82 82 83 83 83 84 84 84 87 89 89 90 90 91 91 91 92 93 93 93 94 94 94 95 95 98 98 98 98 100 100 101 105 105 105 105 106 107 107 107 109 110 115 115 116 116 117 118 119 119 120 125 126 129 129 131 146 149 149 150 154 157 159 160 161 164 164 169 170 174 183 186 190 192 202 206 207 211 211 212 212 215 216 217 217 232 233 240 246 246 246 247 248 250 251 254 255 255 260 260 261 269 269 270 270 271 271 273 275 281 283 288 309 311 313 315 319 319 323 326 329 333 334 345 348 350 352 354 357 366 370 373 373 380 380 381 382 388 391 391 
66 103 31 32 33 52 52 52 54 55 56 57 69 77 77 78 81 82 83 83 84 84 85 87 90 90 92 92 92 93 93 94 96 98 99 100 101 102 102 103 110 111 113 113 114 115 117 122 124 127 130 130 132 132 134 135 140 145 148 148 155 156 158 160 160 168 173 176 187 189 192 199 202 207 209 210 210 212 215 222 230 233 248 275 275 275 276 277 289 290 293 296 308 310 311 313 314 325 339 342 355 359 360 369 380 
66.5 63 5 5 31 33 43 55 57 77 78 79 82 88 89 91 91 96 96 97 98 100 100 100 110 111 112 112 114 115 120 120 124 127 130 155 160 160 161 164 166 179 181 183 185 188 196 214 218 218 218 220 221 234 240 251 256 285 311 312 315 325 326 327 332 
67 38 39 55 64 67 70 74 76 80 81 86 87 89 89 93 100 110 111 114 132 135 156 156 165 167 167 168 188 192 200 214 220 246 258 268 271 282 283 303 
67.5 23 34 43 59 59 65 80 83 89 89 91 92 94 98 105 106 107 146 155 174 208 233 236 366 
68 30 33 33 35 41 41 43 49 58 60 64 75 81 82 88 89 91 95 104 105 108 127 129 132 144 145 173 190 192 196 217 
68.5 11 33 70 78 78 84 86 89 150 173 187 201 
69 19 46 49 77 78 80 81 83 109 111 111 111 111 112 113 175 215 265 273 273 
69.5 8 27 34 51 74 80 97 122 154 
70 96 0 3 4 4 4 6 10 10 10 10 10 10 10 10 10 11 15 17 18 20 21 21 21 24 25 28 28 29 29 30 30 31 33 35 35 36 36 37 37 38 38 39 39 39 39 41 41 43 43 45 45 45 45 45 45 46 46 46 47 47 47 48 49 51 55 55 57 60 61 63 63 66 67 68 70 76 77 86 89 93 98 100 106 117 122 125 126 127 149 155 169 179 179 179 192 199 
70.5 11 27 27 34 35 35 35 94 96 118 125 173 
71 4 30 72 101 165 
71.5 5 13 35 49 81 97 
72 60 6 6 24 24 27 27 28 30 30 30 31 37 44 50 54 55 55 55 56 56 58 58 60 62 63 65 66 69 70 71 76 77 78 80 81 81 81 81 81 81 82 82 83 83 84 85 86 87 87 91 92 93 94 95 97 101 101 138 185 267 
72.5 9 19 24 24 38 48 51 55 91 160 
73 10 10 11 17 31 39 48 51 56 134 157 
73.5 5 10 30 35 45 73 
74 5 5 20 23 34 36 
74.5 2 6 41 
75 78 0 1 1 2 3 4 4 4 5 6 7 8 8 10 10 10 10 10 10 10 11 11 12 12 12 12 13 15 16 16 17 17 18 18 19 25 28 28 30 31 31 31 31 31 31 32 32 33 33 34 34 34 35 36 37 38 39 40 46 47 47 50 52 52 55 57 58 60 61 62 65 79 83 94 98 111 112 150 
80 13 3 15 16 48 51 74 118 189 223 228 306 319 382 
85 27 2 14 15 18 18 24 37 43 45 69 71 76 85 85 90 90 90 98 98 127 136 162 165 176 218 222 227 
价格 任务数 对应任务在13 km内的用户数
65 65 51 71 76 80 83 91 91 91 91 102 105 119 142 143 143 144 145 153 229 247 248 248 248 252 253 259 261 262 268 269 269 300 300 303 306 306 307 308 309 314 330 330 359 371 372 372 372 377 378 396 401 402 405 406 408 409 411 417 419 419 419 421 421 421 423 
65.5 150 51 62 65 66 66 71 74 87 87 87 88 89 91 91 92 92 92 93 95 95 96 96 98 98 100 101 101 102 102 103 105 105 106 106 106 106 108 108 109 109 109 111 112 114 115 117 119 120 121 121 121 124 126 126 126 126 127 127 131 133 144 149 150 156 158 159 159 161 168 176 177 179 180 184 189 189 190 196 198 205 212 221 229 234 234 240 240 241 242 245 255 255 256 257 258 265 265 277 282 287 288 288 289 290 290 290 293 294 294 294 295 298 304 305 305 307 307 309 310 320 321 325 345 356 357 359 359 362 363 365 370 371 377 379 379 383 387 389 397 405 406 406 407 407 411 413 415 416 417 421 
66 103 37 38 38 62 63 65 65 65 66 67 82 87 87 89 89 90 91 91 92 94 97 98 98 99 100 101 104 104 107 108 108 109 109 110 110 111 112 119 121 121 124 124 129 129 144 146 146 146 148 151 152 153 153 159 162 164 169 169 169 172 181 181 184 185 203 204 204 224 224 230 234 235 237 237 238 243 250 262 265 266 276 304 311 311 313 318 321 325 330 330 334 339 344 351 353 356 377 379 387 394 398 402 407 
66.5 63 8 9 36 38 50 65 66 80 84 89 91 92 92 93 97 101 107 108 109 116 118 125 125 125 127 132 132 136 136 142 151 153 154 169 169 180 186 196 197 200 202 208 209 211 247 249 251 251 254 255 258 266 280 283 290 309 337 344 345 353 354 355 372 
67 38 51 62 74 79 81 83 85 87 91 94 94 98 99 99 125 133 134 141 150 156 177 185 185 186 194 195 201 212 221 245 262 271 291 295 308 315 317 333 
67.5 23 39 52 78 86 86 93 97 98 99 99 102 102 113 117 118 120 163 196 209 242 252 274 389 
68 30 38 39 40 59 59 59 59 68 80 81 84 92 93 96 96 103 113 120 121 124 160 162 164 167 170 208 221 229 232 248 
68.5 11 40 82 83 83 89 93 100 171 202 213 245 
69 19 51 60 87 87 88 90 100 119 120 125 125 125 125 125 203 244 303 303 303 
69.5 8 32 37 57 78 97 107 157 165 
70 96 0 3 8 10 10 10 11 11 11 11 11 11 11 11 12 12 17 22 22 24 24 25 26 27 28 29 29 32 32 35 35 35 36 36 37 42 42 43 43 44 45 46 46 48 49 49 49 49 50 50 50 51 51 51 51 51 51 53 56 58 60 60 61 63 63 63 65 66 74 74 74 75 76 79 81 83 92 99 100 104 114 119 129 130 130 147 150 157 158 178 205 213 213 213 233 242 
70.5 11 36 36 38 38 39 42 108 109 139 152 211 
71 4 39 82 113 185 
71.5 5 17 37 55 110 114 
72 60 9 14 24 27 32 32 35 36 36 37 38 45 57 59 61 61 64 64 65 66 67 69 73 74 75 75 75 76 81 82 83 86 87 88 88 89 89 89 89 89 90 90 90 90 93 94 95 97 100 101 101 102 102 106 107 122 122 151 235 292 
72.5 9 22 26 34 54 61 66 70 110 183 
73 10 11 11 23 40 54 54 57 63 159 173 
73.5 5 11 38 43 61 93 
74 5 6 28 28 42 46 
74.5 2 8 45 
75 78 0 1 1 2 3 6 6 7 7 7 8 11 11 11 11 11 11 12 12 13 13 13 13 13 14 17 17 17 19 22 24 26 26 28 32 32 32 34 34 34 34 35 36 36 36 36 36 37 38 38 39 39 39 40 42 45 46 49 49 52 55 59 61 64 67 67 68 69 76 82 89 92 99 117 128 134 137 169 
80 13 5 17 17 58 62 80 134 219 251 256 345 364 414 
85 27 2 17 19 22 23 24 49 53 58 77 82 92 98 103 106 106 119 129 129 142 153 187 196 214 246 256 257 
价格 任务数 对应任务在14 km内的用户数
65 65 53 84 88 91 92 98 98 98 100 111 115 129 166 168 168 169 170 170 265 278 279 282 285 290 293 298 314 316 318 324 329 332 335 335 338 344 348 348 354 359 361 362 395 396 400 402 402 402 409 423 425 426 426 430 431 442 448 449 449 450 451 453 455 456 456 
65.5 150 52 71 71 78 78 80 90 95 97 97 97 97 98 98 100 101 101 101 101 101 102 103 106 109 110 110 111 113 113 113 113 114 115 115 117 118 118 119 120 120 123 124 124 126 129 131 131 131 133 135 137 138 139 140 142 144 145 145 150 152 167 172 177 178 178 179 181 194 196 204 204 205 208 221 222 224 226 235 240 246 253 258 267 269 273 274 274 276 277 278 280 283 284 287 294 294 308 317 318 318 321 323 325 329 331 332 332 333 335 335 336 339 343 344 346 349 349 350 350 350 354 360 384 387 389 390 392 397 397 404 404 407 408 410 411 416 417 417 424 432 434 436 436 439 440 441 442 442 443 447 
66 103 40 41 42 69 70 72 75 78 78 78 88 93 94 97 98 98 99 99 103 103 103 104 107 108 109 112 112 114 116 120 121 121 122 123 123 126 126 130 134 136 140 141 155 156 160 161 167 172 173 175 182 183 183 190 190 192 194 194 195 197 197 200 207 225 230 234 241 248 251 252 252 264 269 273 279 280 289 291 297 304 315 316 350 351 355 356 356 358 358 360 367 367 380 385 387 389 406 414 420 424 428 428 434 
66.5 63 15 15 39 44 57 74 80 89 93 93 94 98 101 105 109 113 119 119 121 138 141 141 141 143 146 150 150 158 163 165 178 178 179 179 186 194 208 213 226 226 228 237 237 242 282 283 286 286 286 287 294 297 300 310 321 350 375 377 378 379 392 397 399 
67 38 57 71 84 85 88 91 92 93 102 104 106 107 109 109 141 155 157 162 165 170 204 211 216 221 222 222 230 231 238 271 290 295 311 341 345 354 354 368 
67.5 23 42 64 92 104 105 110 110 110 111 112 114 124 125 130 131 136 176 224 259 262 277 309 418 
68 30 43 50 52 65 67 68 68 81 91 96 104 105 110 113 113 115 123 133 137 146 180 192 206 206 208 230 268 270 272 286 
68.5 11 42 96 101 102 103 103 110 199 242 245 275 
69 19 60 78 92 95 97 105 118 124 130 137 137 137 137 142 243 281 333 333 343 
69.5 8 37 43 68 81 107 126 184 185 
70 96 0 3 11 11 12 12 12 12 12 12 12 12 12 13 13 15 21 24 24 27 28 29 29 29 29 30 30 34 34 35 35 36 36 36 41 46 47 47 48 50 50 52 52 52 52 52 52 53 53 53 54 56 57 57 58 60 61 61 62 65 68 69 71 71 71 74 78 80 83 87 88 89 91 95 95 96 101 104 117 118 123 124 148 152 170 178 181 190 194 195 229 263 263 263 273 279 
70.5 11 36 36 41 42 47 51 116 128 174 176 236 
71 4 45 88 134 203 
71.5 5 24 38 63 120 137 
72 60 15 19 24 30 36 37 37 40 44 44 46 49 67 71 72 73 74 75 76 78 78 79 80 82 88 89 90 92 94 94 94 94 94 95 95 95 95 96 97 98 99 99 99 101 102 106 106 107 108 110 110 110 111 121 127 135 137 173 269 310 
72.5 9 27 33 39 72 77 79 80 138 212 
73 10 13 14 25 54 59 60 60 78 179 189 
73.5 5 13 49 54 72 109 
74 5 11 29 33 50 63 
74.5 2 12 62 
75 78 0 1 1 2 3 6 8 8 9 10 11 12 12 12 12 12 14 14 14 14 15 15 15 16 17 19 22 23 23 28 30 30 32 35 35 36 36 36 36 37 37 37 40 40 40 42 43 43 43 45 45 46 48 51 54 54 56 57 57 61 64 69 72 72 74 79 83 86 87 88 103 107 110 151 163 164 169 194 
80 13 10 19 22 66 80 88 158 261 281 288 375 393 439 
85 27 2 21 25 27 30 32 57 57 73 86 92 99 104 122 130 131 137 146 146 174 175 221 242 248 282 284 286 
价格 任务数 对应任务在15 km内的用户数
65 65 60 92 99 100 100 108 109 109 110 121 130 148 183 184 185 185 185 197 303 315 316 336 337 340 341 342 346 349 356 356 357 363 369 372 380 382 385 391 393 397 397 402 431 432 436 437 437 441 444 450 452 454 460 462 463 469 469 469 469 470 470 471 471 471 474 
65.5 150 56 85 87 87 90 91 94 100 105 105 106 107 110 110 111 111 112 112 112 112 113 115 115 120 121 121 121 125 125 125 127 131 132 132 132 132 133 133 134 135 136 136 139 141 143 148 148 150 151 152 154 157 157 161 163 164 164 165 187 188 192 193 194 194 206 206 206 208 229 242 245 246 254 258 265 267 269 271 277 278 288 297 300 305 308 312 315 316 316 316 317 318 320 328 333 333 340 353 355 357 357 360 361 364 368 369 370 371 371 371 372 372 373 376 378 378 381 383 386 387 388 390 407 408 416 417 418 426 427 432 433 437 437 437 439 444 447 448 452 452 454 455 460 462 467 468 469 469 472 472 
66 103 46 48 50 82 84 84 86 89 89 89 97 100 105 107 107 107 109 110 110 111 112 112 118 118 119 122 124 127 127 129 131 132 133 134 136 139 140 151 158 162 165 165 168 172 187 187 187 196 202 203 205 205 205 206 206 212 212 213 214 223 226 226 237 258 260 264 265 276 277 280 288 293 298 310 313 319 321 328 335 336 349 354 364 365 385 386 386 388 391 398 398 400 421 430 430 430 432 434 443 453 454 455 459 
66.5 63 20 20 44 56 78 83 99 100 106 107 107 109 111 115 127 131 131 134 135 148 148 148 159 166 166 170 175 176 181 200 200 201 202 207 210 223 233 239 242 251 262 263 273 284 297 300 308 315 320 322 322 325 340 348 363 367 405 409 410 422 422 441 445 
67 38 71 82 92 94 100 101 103 105 107 114 115 117 117 119 148 170 178 181 186 197 218 236 244 248 250 250 251 253 271 293 320 324 331 363 380 394 396 401 
67.5 23 52 67 110 114 117 118 123 123 123 127 134 141 141 143 148 152 191 267 289 290 297 345 438 
68 30 57 59 63 75 79 81 82 96 98 103 114 116 121 127 133 143 144 145 146 167 186 217 233 233 237 251 287 312 314 318 
68.5 11 58 103 109 116 116 116 128 228 290 297 317 
69 19 67 87 96 101 104 119 142 142 159 162 162 162 162 162 292 292 373 384 384 
69.5 8 41 59 74 92 128 134 215 224 
70 96 0 3 12 12 12 12 12 12 12 12 12 12 17 17 17 19 25 26 29 29 29 29 29 29 29 30 30 36 36 36 38 39 39 40 43 48 49 49 52 52 53 53 54 56 58 58 59 59 59 59 61 61 64 64 65 65 65 67 68 69 79 83 86 87 91 91 91 97 98 100 103 105 107 108 112 112 120 124 135 138 139 155 162 190 198 207 208 222 224 226 266 298 298 298 311 311 
70.5 11 41 41 48 51 52 56 131 164 196 201 268 
71 4 57 94 144 222 
71.5 5 26 42 67 133 169 
72 60 20 20 25 32 36 41 41 50 50 51 54 58 79 83 84 85 85 88 88 88 90 90 92 94 95 100 101 101 102 102 102 102 103 105 105 107 107 107 108 110 110 110 113 113 116 117 118 118 118 126 126 126 127 131 142 151 168 182 304 329 
72.5 9 29 37 47 90 90 94 110 162 241 
73 10 14 16 28 59 63 67 71 95 195 207 
73.5 5 15 56 69 79 120 
74 5 14 35 37 59 83 
74.5 2 15 70 
75 78 0 1 1 2 3 6 12 12 12 12 12 13 13 15 15 16 16 16 18 18 18 18 19 22 23 24 27 30 32 36 36 36 36 37 37 38 38 38 41 42 44 45 45 45 46 49 50 52 57 57 57 59 60 62 62 62 65 65 69 76 77 81 84 85 87 90 94 95 103 117 122 126 138 181 192 207 215 216 
80 13 15 25 32 76 94 109 198 292 312 336 405 413 464 
85 27 2 28 30 33 37 46 61 62 80 87 97 110 118 141 148 157 158 171 171 184 207 254 273 283 305 309 315 
价格 任务数 对应任务在16 km内的用户数
65 65 63 97 101 102 102 122 122 124 124 140 140 164 194 195 195 197 198 220 343 343 345 369 370 370 375 377 378 381 382 384 385 400 400 406 408 411 417 423 424 430 433 435 451 462 463 464 467 467 471 472 481 481 484 485 485 486 486 487 487 488 489 490 490 490 490 
65.5 150 62 96 100 100 102 103 108 109 115 115 117 119 119 121 121 122 127 128 130 131 131 131 133 133 134 134 136 137 137 139 140 140 140 140 146 146 147 147 148 148 149 153 158 159 168 168 169 176 177 177 178 183 183 187 187 190 192 202 214 216 217 220 221 227 228 229 230 251 256 283 287 289 289 297 300 301 304 304 306 312 315 316 340 342 344 348 350 353 354 357 359 359 361 365 374 379 379 384 386 388 389 389 389 389 391 391 395 396 396 403 404 404 404 407 408 411 412 419 419 419 419 421 431 433 437 437 447 450 450 458 458 459 462 466 471 472 474 475 475 476 480 482 482 483 484 484 487 487 489 489 
66 103 57 58 59 91 96 97 98 101 105 106 106 106 111 111 112 114 117 118 118 119 122 125 126 126 136 137 137 138 139 143 143 145 145 146 153 157 169 177 178 180 190 197 198 201 211 212 213 214 214 215 216 217 217 219 219 219 230 254 254 256 256 258 263 284 294 295 297 299 308 315 318 327 334 336 345 357 358 364 368 379 389 392 396 396 409 424 425 427 428 432 438 440 451 462 462 462 464 469 477 477 479 482 484 
66.5 63 23 23 55 66 85 95 106 106 113 116 119 121 127 129 143 146 148 153 161 169 169 169 180 188 201 201 202 208 210 212 212 216 218 237 249 259 264 266 270 276 295 298 298 316 326 329 329 337 346 352 352 370 375 376 388 399 430 445 445 453 455 466 477 
67 38 85 96 98 101 107 107 111 116 121 123 123 125 127 153 169 191 192 197 198 213 244 265 272 273 274 277 279 281 311 332 336 348 366 391 421 422 441 442 
67.5 23 65 71 114 127 131 133 135 138 138 142 147 149 151 153 178 184 195 308 311 312 336 375 460 
68 30 68 72 79 87 93 96 97 111 111 115 122 129 133 135 147 153 153 171 172 194 203 253 265 267 270 272 307 333 347 352 
68.5 11 74 112 117 123 123 127 133 265 322 330 360 
69 19 75 97 107 111 116 134 153 153 182 186 186 186 186 203 315 320 413 413 430 
69.5 8 46 81 82 98 139 141 251 269 
70 96 0 3 12 12 12 12 12 12 12 12 12 12 20 21 21 23 26 29 29 30 30 30 30 30 30 32 32 36 36 36 40 41 44 44 46 50 50 51 56 56 59 61 64 64 64 64 66 66 67 67 68 68 69 70 72 72 73 75 79 80 94 97 97 98 98 98 102 107 111 113 114 116 123 124 125 138 145 147 159 160 162 165 203 224 225 227 230 235 246 265 291 337 337 337 341 348 
70.5 11 44 44 50 55 60 71 145 202 225 226 330 
71 4 74 99 158 246 
71.5 5 35 50 79 141 202 
72 60 23 26 30 36 44 46 46 54 54 56 63 72 89 94 95 95 95 97 98 99 99 99 100 101 106 106 106 107 108 109 109 109 110 111 111 113 115 116 116 116 117 119 122 126 126 127 128 142 144 147 148 150 152 155 160 165 193 195 344 344 
72.5 9 29 38 53 98 98 120 143 180 275 
73 10 16 18 33 67 69 74 75 113 226 230 
73.5 5 16 64 76 88 138 
74 5 18 41 43 67 115 
74.5 2 20 83 
75 78 0 1 1 3 4 9 12 12 12 12 14 14 17 17 18 19 19 19 21 21 22 23 24 25 31 32 33 34 36 36 36 38 38 40 41 44 45 45 46 48 51 52 52 52 55 56 59 66 67 72 72 73 73 74 74 76 76 78 79 89 96 96 96 99 99 106 110 116 129 132 145 146 164 202 234 247 251 258 
80 13 17 27 40 95 101 129 228 311 337 379 429 437 488 
85 27 2 37 39 40 52 56 69 69 95 102 106 118 127 162 165 184 188 198 202 202 245 289 294 305 335 341 346 
价格 任务数 对应任务在17 km内的用户数
65 65 74 104 111 113 114 134 135 140 143 153 156 186 203 203 203 204 204 236 376 378 382 401 402 405 406 408 409 409 409 421 423 426 427 428 435 439 442 449 454 458 460 460 474 489 492 492 495 495 497 498 501 501 502 502 504 506 507 507 507 507 507 508 510 510 510 
65.5 150 70 100 108 118 122 123 123 123 127 130 130 130 131 132 133 136 142 143 148 151 151 152 152 152 153 153 154 155 156 159 162 164 164 165 166 166 172 172 174 175 181 183 184 190 191 196 197 206 207 207 207 209 210 222 222 223 224 235 238 239 243 243 243 245 248 270 274 286 290 306 307 317 321 322 327 328 339 342 344 346 351 353 376 383 383 384 386 388 389 390 392 396 399 402 402 402 403 404 407 409 409 410 414 417 420 424 424 428 429 430 434 434 434 437 438 441 442 445 445 446 453 455 456 457 458 464 475 475 475 478 486 488 488 489 491 492 498 499 500 503 503 504 505 506 506 506 506 508 509 512 
66 103 66 68 68 103 106 116 118 118 119 119 119 120 123 125 125 126 127 128 128 129 130 133 136 137 144 149 153 153 155 158 158 164 165 167 186 187 191 193 199 212 219 221 222 222 224 224 226 228 231 233 243 243 243 244 244 248 250 290 292 292 294 294 301 304 317 323 327 339 343 343 359 368 376 377 377 380 382 390 404 407 420 422 423 428 431 446 463 464 465 470 473 475 483 484 484 496 498 501 501 501 502 511 515 
66.5 63 30 30 63 73 97 114 115 115 123 125 133 133 140 143 152 167 173 177 182 191 193 193 193 207 222 227 227 230 230 245 245 245 245 262 270 287 295 301 309 315 320 328 333 343 354 365 365 378 378 381 394 394 403 407 412 423 466 467 469 479 480 484 510 
67 38 95 113 115 116 119 122 122 131 132 140 140 143 143 173 193 200 202 218 229 233 258 293 298 298 303 308 312 320 332 353 359 368 400 427 452 457 473 473 
67.5 23 72 76 117 141 146 146 150 150 158 158 159 162 163 171 206 218 222 330 333 345 359 403 483 
68 30 76 79 95 103 104 104 112 118 119 121 134 139 140 157 157 163 168 199 212 212 248 293 293 296 297 300 335 368 369 380 
68.5 11 92 114 122 135 135 140 140 285 349 374 377 
69 19 87 100 114 124 132 144 163 165 200 215 215 215 215 237 335 347 468 468 472 
69.5 8 49 83 98 105 151 158 286 303 
70 96 0 3 12 12 12 12 12 12 12 12 12 13 27 27 28 28 29 30 30 30 31 31 31 31 31 36 36 36 36 36 42 43 47 47 52 54 54 55 61 64 66 70 70 73 74 75 76 78 78 78 79 80 80 81 82 84 85 87 88 89 99 100 104 104 104 111 114 118 120 120 123 134 137 138 160 160 169 178 185 192 195 205 237 243 249 250 258 260 262 305 338 354 354 354 374 379 
70.5 11 48 48 55 64 72 87 157 232 253 255 359 
71 4 86 105 165 273 
71.5 5 46 54 86 156 246 
72 60 31 33 35 36 49 49 50 60 60 69 71 84 97 101 104 106 106 107 110 112 112 113 115 115 116 116 117 117 118 118 118 119 120 122 123 123 123 125 126 127 127 130 131 140 141 142 143 153 154 163 171 179 179 181 187 192 208 217 358 374 
72.5 9 32 43 74 106 108 145 167 197 300 
73 10 20 21 37 72 81 83 95 121 249 272 
73.5 5 20 72 94 102 159 
74 5 29 45 49 77 147 
74.5 2 24 94 
75 78 0 1 1 3 4 9 12 12 12 12 18 19 20 21 22 23 23 24 24 24 25 25 27 32 36 36 38 40 40 42 43 43 43 44 49 50 52 54 58 58 59 59 60 63 66 66 67 77 80 80 82 85 86 86 89 92 96 99 102 104 107 107 107 117 119 120 121 145 158 162 167 167 202 239 265 277 280 303 
80 13 19 29 45 100 111 153 266 328 374 408 454 456 509 
85 27 3 46 49 51 65 66 81 86 105 113 123 130 144 178 178 207 227 229 241 241 274 309 322 331 369 372 374 
价格 任务数 对应任务在18 km内的用户数
65 65 85 120 126 131 132 158 158 162 165 179 190 208 214 214 214 214 216 256 402 415 417 423 441 443 443 444 444 444 445 452 453 454 457 458 460 462 463 473 473 474 475 479 490 507 517 518 519 520 521 521 522 523 523 524 525 525 526 527 527 527 528 530 530 530 539 
65.5 150 82 112 122 132 133 134 134 138 138 139 143 143 145 145 153 154 158 159 172 172 172 173 175 176 176 179 180 180 184 191 191 193 193 201 203 203 205 206 206 212 219 220 221 225 225 226 237 238 241 241 245 246 252 253 253 253 254 261 262 267 271 278 280 280 285 301 302 312 325 335 335 339 344 357 357 366 372 373 376 380 384 395 403 409 415 416 417 417 420 420 421 421 424 428 428 429 431 432 432 433 433 440 441 445 451 451 451 452 452 452 452 452 453 460 461 461 465 466 469 472 478 483 485 491 491 491 494 494 497 500 506 510 510 510 512 515 515 518 518 519 521 523 525 525 525 525 527 533 533 535 
66 103 76 76 77 113 123 132 133 133 133 134 135 135 135 136 136 137 139 140 140 140 141 144 151 153 159 161 165 165 167 171 176 185 186 186 199 200 228 229 235 241 241 241 241 243 246 252 257 260 262 265 273 275 279 282 295 303 306 314 320 320 324 324 328 334 336 358 359 361 378 381 386 386 391 404 413 416 429 435 435 437 438 443 449 451 461 462 494 495 497 498 500 502 508 515 515 516 516 518 521 530 534 536 537 
66.5 63 44 44 75 79 114 124 128 133 134 135 148 148 149 164 173 191 202 205 211 216 223 223 223 233 234 236 236 243 247 273 278 282 282 294 300 307 314 336 336 338 341 352 363 379 381 384 393 397 410 418 418 419 432 441 441 468 497 498 498 498 512 515 531 
67 38 112 121 127 130 135 137 138 144 151 152 155 156 178 191 207 209 223 237 244 245 285 316 323 329 339 341 343 348 350 373 373 400 441 463 486 492 520 520 
67.5 23 78 87 126 151 152 153 168 168 169 173 177 177 182 211 218 253 257 348 349 369 381 427 503 
68 30 80 82 107 114 117 118 124 124 129 137 149 151 153 168 174 177 178 207 241 247 284 310 327 328 335 337 374 398 398 402 
68.5 11 106 123 136 147 147 152 158 319 368 397 409 
69 19 106 111 124 138 145 174 174 177 222 246 246 246 246 260 357 371 501 501 504 
69.5 8 56 95 117 117 162 177 325 352 
70 96 0 4 12 12 12 12 12 12 12 13 13 13 30 30 31 31 31 31 31 32 32 35 35 35 39 39 39 39 40 44 48 49 56 59 60 60 60 64 70 73 78 79 80 81 83 84 85 87 87 94 94 96 96 97 99 100 100 104 106 109 109 109 111 111 112 127 128 128 134 134 134 152 154 155 168 192 193 202 205 226 231 235 260 271 277 278 279 285 288 346 384 384 384 396 403 406 
70.5 11 53 53 59 70 78 108 166 257 282 288 392 
71 4 104 114 171 300 
71.5 5 53 55 96 176 289 
72 60 39 43 44 44 54 56 56 68 68 75 81 104 109 115 115 116 118 121 122 122 123 124 125 128 129 130 130 131 131 131 132 132 132 133 133 134 134 135 135 138 139 143 143 151 154 158 158 163 180 182 193 194 195 197 224 228 231 243 374 415 
72.5 9 35 47 85 116 117 173 194 217 339 
73 10 22 22 40 78 86 89 115 132 268 298 
73.5 5 22 77 112 115 175 
74 5 42 48 55 94 165 
74.5 2 33 109 
75 78 0 1 3 3 8 9 12 12 12 12 22 22 23 23 24 28 29 29 29 30 31 31 33 38 39 39 40 41 44 47 49 50 51 52 52 54 56 62 66 66 72 72 72 75 77 78 88 89 89 90 94 99 102 104 110 111 112 114 115 119 122 129 131 132 133 133 162 167 176 179 204 212 246 272 298 300 302 343 
80 13 22 30 51 110 120 174 294 354 407 447 475 480 530 
85 27 3 52 53 54 87 89 98 108 115 116 137 155 157 182 187 219 263 266 277 277 304 329 355 357 396 402 403 
价格 任务数 对应任务在19 km内的用户数
65 65 98 129 146 155 159 177 178 186 186 212 227 230 230 231 231 234 247 286 436 441 441 442 470 471 474 474 475 477 479 480 482 483 484 486 489 490 490 502 503 503 506 507 518 528 531 534 534 536 536 537 538 539 539 539 540 540 541 541 543 554 555 556 558 558 562 
65.5 150 93 124 133 148 148 149 151 152 152 152 155 156 156 166 169 172 173 182 200 201 204 208 210 210 213 215 220 221 223 225 228 228 233 237 242 243 244 254 259 259 259 259 260 260 261 262 270 270 271 277 279 280 292 292 292 292 297 299 301 301 313 314 314 316 324 334 336 339 355 365 371 373 378 379 383 384 402 404 405 411 429 431 432 435 439 441 442 443 444 445 445 451 454 455 456 456 457 461 462 463 466 466 466 466 466 466 467 471 474 475 475 475 475 476 476 476 483 487 495 498 499 505 507 513 515 518 518 518 522 523 525 525 525 529 530 532 534 534 535 536 539 543 544 544 545 549 555 560 561 566 
66 103 83 85 85 120 143 144 146 147 148 150 151 151 151 152 154 154 154 156 160 161 165 169 169 170 173 173 175 176 186 192 196 198 203 209 209 211 256 256 259 259 263 263 275 278 285 288 290 292 293 294 299 309 315 318 338 339 340 352 354 360 360 368 371 374 376 376 382 398 399 401 405 418 431 441 446 456 458 460 463 464 469 474 475 477 491 494 518 519 523 524 524 528 529 529 530 532 536 542 557 560 561 562 563 
66.5 63 49 52 85 85 125 135 142 146 147 162 163 164 171 175 187 219 233 244 247 247 248 253 254 254 254 258 266 268 276 308 316 316 319 321 334 339 344 352 357 363 364 367 398 400 407 413 420 430 433 453 462 463 463 474 476 501 510 516 524 525 534 541 557 
67 38 123 128 137 140 145 150 154 161 163 167 170 177 211 212 214 215 253 254 263 279 309 336 339 355 362 367 370 379 381 397 400 421 462 499 510 522 542 542 
67.5 23 89 93 138 162 175 176 181 183 183 184 194 205 205 244 272 286 287 360 363 401 406 462 531 
68 30 86 89 131 132 133 133 138 141 146 151 162 165 167 182 183 186 195 219 276 279 318 334 358 359 365 368 406 419 438 441 
68.5 11 130 142 148 159 159 165 175 336 402 432 458 
69 19 120 135 140 153 163 182 183 198 243 277 296 296 296 296 375 384 532 532 533 
69.5 8 71 107 136 151 174 195 363 368 
70 96 0 8 13 13 13 13 13 13 13 13 13 13 31 31 31 31 31 31 32 36 38 40 40 41 42 42 42 50 50 50 52 52 58 64 65 70 70 71 81 82 83 87 89 92 93 96 98 98 98 105 107 107 113 114 115 117 120 123 124 124 124 124 126 126 127 135 139 145 150 151 153 160 175 175 177 206 212 220 232 257 258 277 283 297 299 302 312 312 320 374 418 418 418 419 420 431 
70.5 11 64 64 66 78 88 126 175 292 309 328 409 
71 4 122 127 183 345 
71.5 5 56 61 111 198 328 
72 60 41 52 52 54 59 68 68 72 73 81 94 116 122 129 129 133 133 134 135 135 138 138 139 142 142 143 143 144 144 144 144 146 147 147 148 149 149 152 155 156 156 160 161 170 171 171 174 175 199 208 208 212 213 217 235 263 268 269 396 438 
72.5 9 37 55 101 123 124 203 209 242 376 
73 10 24 27 43 79 94 95 135 137 287 339 
73.5 5 25 79 120 130 196 
74 5 48 53 65 104 190 
74.5 2 41 120 
75 78 0 1 3 5 9 13 13 13 14 14 25 27 27 31 31 34 34 35 35 36 36 36 38 40 41 41 43 48 51 52 52 56 57 57 58 63 63 73 75 75 81 81 81 85 89 95 96 99 100 100 112 113 116 122 123 126 128 129 133 136 143 144 147 154 155 155 185 195 202 206 249 250 283 296 309 311 346 362 
80 13 25 31 56 122 134 198 316 372 439 473 490 507 554 
85 27 6 55 61 63 99 109 119 122 130 131 153 176 189 194 197 238 287 293 310 310 325 369 376 389 437 439 440 
