22.947097   113.679983
22.577792   113.966524
23.192458   113.347272
23.255965   113.31875
33.65205    116.97047
22.262784   112.79768
29.560903   106.239083
23.143373   113.376315
23.28528    113.651842
23.099259   113.488909
23.192462   113.34726
22.548889   113.955368
23.178845   113.358177
23.054911   113.768888
23.053426   113.761634
23.054769   113.65272
22.92814    114.081898
23.146943   113.305001
23.025829   113.317362
23.012667   113.839206
22.574867   113.920188
27.124487   111.017906
23.262722   113.29603
23.216283   113.29179
22.724052   113.922057
23.025831   113.31738
23.141684   113.262137
23.173014   113.320705
23.187008   113.257642
23.10714    113.301889
22.667339   114.007186
23.129688   113.409023
22.993463   114.728544
22.799744   113.782606
23.125731   113.402306
23.089162   112.882467
23.13759    113.381757
22.935859   113.683234
21.679227   110.922443
23.099656   113.487402
23.039077   113.133736
22.640977   114.061072
22.698914   113.818848
22.699085   113.79328
22.630761   114.088349
22.736419   114.275272
23.166269   113.21411
20.335061   110.178827
23.026671   113.314161
22.605016   114.134612
22.55258    114.131064
22.551065   113.906415
23.258526   113.320772
23.201831   113.329844
22.55234    114.004208
23.127808   113.268909
22.963677   113.668272
22.546424   114.091551
23.027282   113.321826
22.649465   114.046196
23.013316   113.764039
22.786188   113.89986
22.631265   114.088053
22.59321    113.997232
22.646966   114.054897
22.537631   113.921206
22.945963   113.378949
22.572454   113.900611
23.138201   113.305131
23.125711   113.266843
22.921069   114.011611
23.085993   113.286892
23.201472   113.328149
23.107633   113.934697
23.05819    113.382202
22.631295   114.088048
23.04938    113.170711
22.832066   113.717908
22.746146   113.845129
22.695229   114.235036
23.023983   113.113357
21.202247   110.417157
23.025897   113.317272
22.559031   114.133815
23.134029   113.380696
22.979376   113.359597
22.617332   114.046699
23.110206   113.840149
23.467117   113.36579
22.661854   114.02758
22.805765   113.580688
22.573973   114.118394
23.048773   113.320775
22.654465   114.042558
23.08834    113.811783
23.042076   113.088167
22.715649   114.266454
23.102272   113.314206
22.957762   113.885591
22.735681   114.276218
22.566656   114.048785
22.605696   114.052535
22.528087   114.053445
22.557073   114.093619
22.663709   114.02819
22.600908   114.124103
22.702596   113.841585
23.133346   113.288213
23.371734   113.249841
23.060244   113.228424
23.025509   113.136987
23.131169   113.297453
22.55917    113.964202
22.571019   114.063028
23.019708   113.088886
22.602495   114.120857
23.291608   113.311949
22.526055   113.932399
22.957819   113.885455
23.136869   113.252176
22.5606 113.914169
23.02382    113.12482
23.170052   112.896012
23.192579   113.347404
22.609184   114.036224
23.096916   113.284093
22.58338    114.132395
22.737832   113.824021
22.669148   113.923368
22.697751   114.227313
22.634345   114.079336
23.017262   113.334856
23.035953   113.163214
22.615165   114.168801
22.999192   114.343194
24.80413    113.605786
23.107527   113.14625
22.670303   114.139487
22.667193   114.020917
23.626787   113.43641
22.653315   114.029516
22.62607    114.073376
22.644142   113.867745
23.055061   113.744384
22.633177   114.230291
22.980661   114.002005
23.174499   113.263282
22.93804    113.665746
22.845506   113.269551
22.563546   114.138399
22.6656 114.20803
23.133276   113.249702
23.11803    113.362287
22.919953   113.213961
22.705938   114.091435
22.654493   114.042605
22.995646   114.006372
23.022885   113.826933
22.624889   114.152166
23.224528   113.317468
22.741636   114.266652
23.054148   113.294756
22.674691   113.796497
22.966344   113.092801
23.156692   113.328526
23.190577   113.251884
23.010914   113.733551
23.072207   113.112958
23.101558   113.314506
23.012481   113.083899
22.611218   114.159207
23.1306 113.241295
22.619846   114.107034
22.55123    114.093465
22.506225   113.945301
22.657811   114.029555
23.016933   113.149007
22.630003   114.154938
22.800524   113.828908
23.120203   113.136969
23.293868   113.372001
23.034994   113.749133
23.045704   113.49505
23.106751   113.312493
23.039656   113.718566
23.0391 113.13376
23.226408   113.272284
22.665157   114.030232
22.621808   114.031797
22.628276   114.159413
23.103618   113.375591
23.019975   113.339842
22.919974   113.213898
22.619739   114.107025
22.965764   114.035832
22.676151   114.014881
22.960617   113.701495
23.106792   113.312499
22.520804   113.942816
22.980092   113.017895
23.558419   113.614671
22.638154   114.202461
22.723878   113.903337
22.551842   114.131407
23.097481   113.269269
22.69495    114.231992
23.127013   113.399742
22.982071   114.032407
22.97076    113.99635
22.928824   112.939739
23.227075   113.293212
23.146568   113.346826
23.212972   113.391595
23.143901   113.299725
23.060158   113.777571
23.03343    113.14227
23.019462   113.077555
22.563803   114.040747
23.444281   113.196688
23.467101   113.365807
22.589193   113.973194
23.065583   113.585017
23.100414   113.295104
23.075797   113.288044
23.340387   113.303661
23.073486   113.170439
23.018177   113.341384
22.576181   114.113145
23.037115   113.117726
22.657617   114.207759
22.615435   114.123207
23.484326   113.205374
22.773827   114.329945
23.309835   113.36433
22.588494   113.949223
22.73834    113.814489
23.042795   113.30588
22.617982   114.118918
22.729964   114.297779
23.207391   113.335702
23.051221   113.787943
22.832479   113.061531
22.796875   113.771143
22.801349   113.714482
22.763973   113.813969
23.114455   113.31211
23.205772   113.270594
23.007204   113.12903
23.396767   113.255106
22.683833   114.002003
22.537617   114.120387
23.014185   113.648114
22.720184   114.275458
23.132941   113.338573
23.112296   113.127154
23.041392   113.75766
23.0946 113.284436
22.676474   113.821783
22.964203   113.088383
22.540942   114.073682
23.064767   113.05448
22.684504   113.951115
22.563444   114.127943
23.160089   113.240921
23.068369   113.261283
23.212104   113.291573
23.194579   113.273734
22.591387   114.124439
23.097546   113.33598
23.093079   113.278148
23.442511   113.327665
22.536425   113.948822
22.757872   113.913137
22.572146   113.904177
23.207769   113.379643
23.133812   113.270935
23.110957   113.460126
22.631729   114.119678
22.572337   114.121094
23.148396   113.293411
23.137481   113.283015
23.381258   113.220174
22.693376   113.941047
23.141344   113.343578
22.651485   114.110239
23.150785   113.332625
23.247414   113.316081
22.550214   114.092453
23.144206   113.240874
22.910687   113.999879
22.878442   113.821749
22.80034    113.828038
22.947805   113.274358
22.821221   113.052974
23.037111   113.134501
22.887126   113.401686
22.960802   113.335749
23.063445   113.774572
22.939187   113.746074
22.665838   114.068923
22.568389   113.90155
22.592527   113.846444
23.40515    113.228722
23.26376    113.258772
23.137429   113.282856
23.136755   113.393612
23.13592    113.315173
23.137578   113.282935
23.254296   113.315659
23.120306   113.268304
23.126948   113.27424
23.151009   113.551515
23.077633   113.289146
22.692574   114.224224
22.936494   113.359285
23.124292   113.357872
22.944615   113.403347
22.676503   114.019311
23.164734   113.229295
23.104198   113.363252
22.735438   114.284747
22.540448   114.066268
22.686066   113.993061
22.633013   114.041198
22.721816   114.265177
22.549107   114.128361
23.10824    113.26614
22.612929   114.137262
22.543915   114.058444
23.126053   113.401054
22.523461   114.047879
22.688779   113.944955
22.735666   113.908071
23.124435   113.338799
22.588207   113.906852
23.054901   113.768854
23.173781   112.864304
23.118702   113.132484
23.040919   113.132589
23.004923   113.157507
23.072993   113.209
22.99238    113.126195
23.287294   113.625475
23.181232   113.51278
22.620732   114.142503
22.654518   114.042548
22.979873   113.314866
23.13475    113.392481
22.985329   113.719121
22.615454   114.123113
23.065181   113.15496
22.624165   114.044003
23.107515   113.457024
22.573093   113.960327
22.5738 113.9662
22.605395   114.127734
22.555394   114.118897
22.52894    114.07265
23.064412   113.447505
23.032306   113.156795
23.125804   113.4009
23.009643   113.143825
23.026036   113.31943
23.123308   113.409223
23.096891   113.304406
23.098008   113.236094
23.203413   113.229464
22.672999   114.227576
22.703545   113.944387
22.614072   114.148979
23.11072    113.274436
23.087139   113.278892
23.179085   113.232562
23.141318   113.400417
22.716905   114.388943
23.091655   113.336944
23.318118   113.363802
23.377337   113.214543
23.126861   113.267994
22.524485   113.949348
23.196752   113.347108
22.831844   113.696638
22.678983   114.004376
23.040397   113.158358
23.15374    112.905005
22.675887   113.807281
22.625597   114.034519
22.545463   113.92639
23.458749   113.193986
22.540878   114.085845
22.559842   114.118199
23.212488   113.292305
23.13516    113.337886
23.105198   113.276884
23.095225   113.365248
23.193444   113.370323
22.565797   114.123028
23.001787   113.352865
22.728736   114.264305
23.373834   113.433356
23.135971   113.386713
22.646861   114.009774
22.679169   113.938947
23.10584    113.271284
22.659864   114.120275
22.708022   113.815302
22.550248   114.092534
22.547093   113.978106
22.56253    114.094441
23.148314   113.293349
22.550907   114.133295
23.141977   113.236106
23.17077    113.386429
23.10288    113.240445
22.531248   114.074777
22.566277   114.057247
22.937503   113.472495
22.780596   114.297116
22.693761   114.225501
22.607315   114.111315
23.203141   113.341529
22.609728   114.121268
22.571192   114.040503
23.132668   113.286578
22.581488   113.877354
22.681384   113.835816
22.626028   114.152468
23.439895   113.272345
23.142616   113.293306
23.279398   113.215721
22.553907   113.974574
22.573458   114.118823
23.112827   113.280243
22.991592   113.723135
23.333676   113.393497
22.537562   113.937039
22.608568   113.853501
23.223677   113.236506
23.101533   113.281233
22.539697   113.911861
22.521439   113.930063
22.541419   114.109829
22.521505   113.932276
23.41147    113.192208
22.586891   113.869516
23.105474   113.487867
22.537286   114.075432
22.54842    114.089112
22.67597    114.041621
23.122523   113.401998
22.656474   114.026536
22.69798    113.82128
23.168829   113.325786
22.65703    114.218155
23.214644   113.262955
23.192039   113.348428
22.566805   113.926733
22.557264   114.054618
23.136778   113.393584
23.102809   113.235305
23.349518   113.299053
22.716731   113.835882
22.767485   113.900599
23.126049   113.321041
23.061671   113.2262
23.138925   113.378918
22.726808   113.904246
22.681319   113.949623
22.606031   114.126707
22.760543   113.922454
23.117189   113.362763
21.498823   111.106315
22.794154   113.385011
22.622065   114.121736
22.538354   113.977801
23.108233   113.265912
23.098874   113.328971
22.752553   114.026436
23.149311   113.28236
22.619595   114.229209
22.559059   114.158556
22.694935   113.844956
23.115144   113.25955
22.637062   114.076561
23.017785   114.039199
22.869974   113.67508
22.86985    114.131288
22.801963   113.721845
23.121891   113.824454
23.065028   113.900075
22.92074    114.012363
22.79723    114.080272
23.041766   113.733323
22.983841   113.929266
23.037111   113.886441
23.048678   113.7786
22.811692   113.682766
22.883376   114.119983
22.938454   113.807922
22.877674   113.082808
23.230059   113.08838
22.91514    112.872049
23.002962   113.13325
23.054569   112.923115
22.906752   113.167485
22.946631   113.282171
22.877588   113.082854
22.908228   113.224487
22.963037   113.107354
22.743173   114.139952
22.602344   114.059629
22.665991   114.06549
22.913183   113.845955
22.801749   113.75284
22.949361   113.383475
22.67858    113.807474
23.198099   113.424046
23.118314   113.409231
22.523183   114.059483
23.107375   113.541189
22.985054   113.730621
23.226076   113.309537
23.117332   113.411635
23.142655   113.377527
22.571079   114.06153
23.101896   113.325889
22.590912   113.938085
23.477471   113.153309
23.102825   113.385889
22.764807   113.2973
23.062129   113.274549
23.06127    114.017925
23.465214   113.116516
23.10473    113.270301
23.125273   113.424431
22.616991   114.050323
23.467767   113.153265
23.308687   113.411452
23.007471   113.134428
22.578875   113.865793
22.754533   113.814188
22.70931    113.97225
22.960403   113.668769
22.660281   114.221429
23.131021   113.010393
22.84683    114.170494
23.076161   113.80713
23.038477   113.797326
23.021185   113.736371
22.987672   113.950727
23.133161   113.422087
22.691007   114.350423
22.683829   113.942915
22.965728   113.473636
23.404957   113.230019
22.664515   113.827217
22.699071   114.262472
23.219338   113.229506
22.537866   114.026688
22.571144   113.913206
22.532385   114.037147
23.158235   113.60728
22.80646    113.847029
22.74242    113.811259
22.609277   114.072487
22.597208   114.138971
23.075938   113.311626
23.477391   113.161711
23.194785   113.273758
22.634382   114.061367
23.131625   113.269593
22.679075   113.940527
22.540552   114.074406
22.620184   114.15286
22.678692   114.036315
23.13176    113.281256
23.105626   113.331857
23.232252   113.2174
23.250338   113.352783
22.557327   114.136246
22.684399   113.951052
22.569903   114.144945
22.649654   113.917479
23.40065    113.235188
22.756044   113.852766
23.554402   113.585389
22.650392   114.052425
23.553982   113.60336
22.727754   113.834037
22.754612   114.235709
22.736548   113.815489
23.125736   113.266832
22.603963   113.848492
23.244184   113.232456
23.279236   113.411627
23.205494   113.265774
23.12206    113.400313
23.027846   113.314994
23.242655   113.260177
23.29632    113.308569
22.567565   114.134081
23.537496   113.594134
22.631402   114.042737
22.604214   114.136224
22.607632   113.943851
23.126541   113.634612
22.512119   113.937591
22.635546   114.068196
22.69665    114.334521
23.139733   113.367267
22.58193    113.958801
22.752829   114.028418
23.15676    113.588452
22.622402   114.081573
23.049134   113.392069
23.301305   113.83191
23.140659   113.328849
22.566256   113.912736
22.614646   114.120194
22.702251   114.059494
22.614975   114.149724
23.390261   113.171529
22.520271   113.919056
22.746363   113.795779
22.568192   113.904839
23.093532   113.299083
23.302272   113.365212
23.365917   113.408058
23.189998   113.256442
22.543198   114.087865
23.12757    113.258991
23.141658   113.300051
23.253257   113.362061
23.170584   113.247355
22.703833   114.093831
22.654378   114.018598
23.181904   113.274925
22.574853   114.10472
22.609328   114.045171
23.12484    113.428474
22.682171   113.831826
22.678585   114.149829
23.09955    113.258924
23.1273 113.275742
22.695318   114.284897
22.586047   114.118147
22.791047   113.907786
23.137667   113.268607
23.101714   113.237932
23.089531   113.30354
22.981732   113.508461
22.782427   113.899277
23.306762   113.272456
23.127909   113.429536
22.68233    113.945186
22.740512   113.798479
22.612742   114.130842
23.245183   113.26699
23.288104   113.624005
22.561428   113.915091
22.648627   114.045759
23.265167   113.30372
22.731366   113.871288
23.131497   113.263774
23.291829   113.311527
23.388053   113.209874
22.726154   114.31471
22.724083   113.83535
22.641265   114.193002
23.168946   113.387319
22.779356   113.882517
22.694786   114.363229
23.237748   113.291745
22.935688   113.329537
23.177908   113.262563
22.580536   113.927531
23.013819   113.286347
23.288  113.248435
22.754333   113.825901
23.193002   113.240517
22.755268   113.901022
22.585088   114.125167
23.136657   113.394102
23.128267   113.288356
23.076328   113.187407
23.139008   113.38467
22.60748    113.857353
23.048494   113.318613
23.103755   113.45262
22.735653   113.868736
23.110975   113.284901
23.127649   113.568156
23.170743   113.495516
22.546207   113.923499
22.647318   113.934592
23.361475   113.154206
23.164795   113.215376
23.124025   113.252196
22.632325   114.153114
23.154271   113.508727
22.690644   113.929849
22.699048   114.00616
23.082555   113.340246
22.738389   114.017535
23.224812   113.278725
23.340888   113.302796
22.624755   114.042832
22.70128    114.228322
23.033092   113.343921
22.639714   113.938853
22.786051   113.932075
22.558162   113.953527
22.642813   114.199652
23.341603   113.308408
22.555692   114.146998
22.693729   114.003967
22.752358   114.047006
23.014123   113.330912
23.030732   113.318917
23.151654   113.326654
23.129766   113.418898
23.180843   113.266661
23.018796   113.341028
23.130774   113.286409
22.580654   113.920649
22.708679   114.090291
23.16337    113.257362
23.12316    113.354538
22.69621    113.826622
22.756527   114.259536
22.966895   113.403471
23.126749   113.363538
23.508004   113.686901
22.731757   114.07134
22.536229   114.027799
23.531128   113.615273
23.093789   113.271795
22.698637   114.125143
22.706283   114.089857
22.774768   113.866064
22.679928   113.837129
22.728433   114.304924
22.54748    113.974087
23.062979   113.365235
22.607519   114.064577
22.673135   114.008872
23.284708   113.852383
23.020387   113.330951
22.740158   114.043842
22.73341    114.287038
22.524376   113.949325
22.534015   114.067836
22.789535   113.933072
22.722281   113.919227
23.09882    113.340249
23.128006   113.404252
23.049124   113.399401
22.687897   114.114036
23.022658   113.353567
22.645555   114.231645
22.638425   114.021881
22.547653   113.977755
23.40466    113.23289
22.53251    114.070865
22.938598   113.349263
22.70193    113.83187
23.279593   113.830218
22.676134   114.031314
22.626184   114.157752
23.168598   113.331828
23.183208   113.242859
22.676906   113.940583
23.401581   113.212429
23.114422   113.626196
22.538407   113.924318
22.710917   113.820502
22.618443   114.168494
23.220429   113.382545
22.729748   114.269511
22.978106   113.433893
23.084767   113.238996
23.203614   113.260304
23.121292   113.401779
22.551115   114.019498
22.712053   114.319532
22.552028   114.134689
23.082187   113.23245
22.762867   113.805277
23.044102   113.341251
22.625556   114.118522
23.639637   113.685956
22.709856   114.279051
23.108546   113.283064
22.745954   114.400805
22.516794   113.928555
23.148217   113.293311
23.070767   113.315198
22.55693    114.13561
22.778588   113.822878
22.622372   114.032724
22.549686   114.096624
23.284194   113.251466
22.66355    114.113317
23.131877   113.467281
22.679938   113.944084
22.779912   113.90617
22.759359   113.923425
23.373447   113.305572
22.656834   114.038863
23.172054   113.38756
23.216805   113.382687
22.997366   113.313271
23.164808   113.215426
22.958694   113.378083
22.64647    114.009748
23.168364   113.39024
23.223223   113.295469
22.525774   114.055684
22.66124    114.057298
23.197384   113.396439
23.12836    113.615803
23.12486    113.253212
23.103519   113.375663
22.926225   113.348035
22.742155   113.813455
22.566204   114.178992
23.16291    113.227189
22.721231   113.849567
23.156647   113.267766
23.113143   113.555107
22.57103    114.063042
22.735161   114.301889
22.555127   113.908594
23.184956   113.460672
23.295999   113.845671
23.270543   113.303712
22.538329   113.924539
22.642307   114.029399
23.01609    113.393033
23.171037   113.385506
22.800386   113.539775
22.700297   113.801039
23.261005   113.256467
23.091569   113.270582
22.663852   114.130825
22.77973    113.915323
22.756618   113.846842
22.64224    113.869264
23.084662   113.247408
22.584579   114.145883
22.787472   113.890185
22.586445   113.960953
22.678681   113.944954
23.248745   113.361607
22.6972 113.799259
23.09451    113.537448
23.130577   113.386125
22.954478   113.370849
22.676292   113.828809
22.784529   113.834508
22.655615   114.222082
22.54097    114.08679
22.938138   113.362741
23.173079   113.245933
22.586528   113.948302
22.762379   113.817014
22.810214   113.868431
22.597324   113.995329
23.168041   113.390831
23.190597   113.250874
23.287881   113.835972
22.677101   114.230887
23.108864   113.456471
23.386228   113.233157
23.042904   113.339694
23.442247   113.327238
22.619962   114.043372
22.642208   113.86914
23.191428   113.253969
22.68864    114.003932
22.551636   114.125041
23.124957   113.285162
22.734044   113.812878
22.736067   113.911396
22.759419   113.907008
23.241216   113.281205
22.690289   113.944985
23.107343   113.284026
23.470746   113.186345
23.238645   113.307791
23.124216   113.258174
23.229363   113.291914
22.548557   113.940969
23.162649   113.440314
23.204412   113.372148
23.110531   113.300917
22.553436   114.005421
23.124737   113.411019
22.513896   113.934727
23.11221    113.271012
22.567904   114.179201
23.14151    113.550662
22.579349   113.930947
22.946099   113.402232
23.110309   113.422985
23.414427   113.717294
22.607706   114.042056
22.744411   114.027775
22.658557   114.013122
23.176911   113.244812
23.140153   113.23236
22.953789   113.35024
23.087559   113.330808
23.150449   113.234368
23.075933   113.279275
23.141711   113.300112
22.743096   113.853538
23.19419    113.341465
23.292706   113.302792
22.669292   114.021914
22.645539   114.043661
22.689654   114.089125
23.197087   113.272624
22.608405   114.131808
23.161889   113.311327
22.762261   113.803356
22.762335   113.932282
23.197231   113.265481
22.796075   113.952992
23.176051   113.664926
23.147242   113.349043
23.143869   113.433006
23.279898   113.306788
22.604255   113.889285
22.57019    114.503161
23.067267   113.399145
22.697286   113.788603
22.753515   113.857615
22.7529 113.792718
22.967507   113.338308
23.063067   113.346537
22.694308   113.798991
22.807539   113.892801
23.137376   113.338695
23.202991   113.374881
23.116361   113.226914
22.501452   113.938755
22.731251   114.100123
22.736324   114.38671
23.47321    113.249584
23.089764   113.308813
22.789134   113.388964
22.779628   113.914864
22.69716    114.047236
23.355278   113.392335
23.208776   113.334099
23.389134   113.216845
23.138844   113.579964
23.047007   113.337859
23.202989   113.263381
23.179264   113.714935
22.616995   114.046901
22.954901   113.379857
22.682951   114.010378
22.661587   114.074426
22.568124   114.045091
23.113131   113.449036
22.585884   113.86968
23.134618   113.386783
22.985368   113.322854
23.476614   113.239899
22.580875   113.907313
23.12403    113.254495
23.5314 113.592978
22.70298    113.84264
22.643898   114.076399
22.66513    114.238248
22.788478   113.889537
23.169018   113.38727
22.708088   114.064351
23.118132   113.364511
22.755773   113.912015
22.616425   114.118359
22.590953   113.957013
23.30995    113.237874
22.678822   114.034685
22.524293   113.949363
22.695136   113.948254
23.474501   113.238583
22.56647    114.110719
23.27411    113.32869
22.725041   114.299771
22.964123   113.283207
22.659687   114.008433
22.946646   113.364742
23.11545    113.418224
22.695095   113.815392
22.770166   113.850591
23.137149   113.279169
22.566717   113.926536
22.940616   113.360372
22.498771   113.895248
22.77798    114.081248
23.000144   113.91974
22.805936   113.741026
22.743062   114.118197
22.903224   113.816181
22.804772   113.74753
22.969322   113.70557
22.979086   113.982372
22.803661   113.812394
23.022548   113.928423
22.823812   113.799767
22.77245    114.067428
22.938265   113.625489
22.778125   113.751863
22.802223   114.102635
22.925  113.631691
22.841605   114.090852
22.891166   113.826767
22.700646   114.16965
22.95593    113.662486
22.954645   113.911108
22.795295   113.760692
23.083141   113.767028
23.101657   113.874529
22.926463   114.037365
22.93   113.837293
22.877114   114.095352
22.709582   114.177666
22.886224   114.007398
23.003847   113.784079
22.993739   113.87697
22.815683   113.682839
22.879447   113.824912
23.114369   113.831847
22.980098   113.86381
23.059838   113.771276
23.036206   113.772804
22.822065   114.189993
22.786421   113.740693
23.020809   113.949274
22.994115   113.992473
23.009599   113.706808
23.076711   113.969625
22.809754   114.081164
22.944554   113.866188
22.811167   113.724467
22.826964   114.108587
22.780789   114.118719
22.822234   113.755233
22.764935   114.084304
22.80565    113.740898
23.037027   113.797487
23.020852   113.984484
22.915173   113.980395
22.935573   113.636469
22.768697   113.798912
23.031772   114.092653
22.976751   113.760212
22.954993   113.911264
22.813272   114.090229
22.937475   113.712295
23.106108   113.97324
22.897119   113.852208
22.768174   113.799205
22.770692   113.789215
22.95963    113.700828
22.733944   114.116544
22.814651   113.793246
22.840164   114.200168
23.041115   114.013836
22.954792   113.920758
23.052802   113.75171
22.832463   113.680066
22.900153   113.863877
23.12442    113.885572
22.775498   113.757734
22.806587   113.837543
22.829263   113.812398
22.92664    113.983376
22.732519   114.135313
23.055013   113.744351
22.799161   114.082389
22.93524    113.712423
23.023463   113.747246
23.035179   113.799057
23.06617    113.718616
22.729495   114.204233
22.91217    113.621716
23.112146   113.79086
22.831608   114.113402
22.997915   113.897973
22.739625   114.161596
23.104527   113.867865
23.044151   113.780224
22.825356   113.736257
22.985615   113.953996
22.972278   114.035429
22.898636   113.923088
23.046573   113.786543
23.010499   114.022416
23.012182   113.71556
23.032352   113.885701
22.852086   113.72698
23.011314   114.102109
22.961579   113.67718
22.974824   113.988868
22.926663   113.935444
22.954846   113.935392
22.799794   113.67304
22.961275   113.889792
23.055543   113.548862
23.037388   113.784323
23.074947   113.696184
22.801112   114.072281
22.814671   113.795105
23.092249   113.82953
23.093876   113.784144
23.027349   114.05203
23.070079   113.878506
22.771301   113.79212
22.895069   113.634534
22.960469   114.04255
22.905706   113.819436
22.984608   113.955644
22.811372   113.796521
22.953944   113.977261
22.998147   113.923586
22.932349   113.870064
22.917688   114.090245
22.920828   113.667761
22.815166   114.16122
22.813131   113.693021
22.772376   114.07461
23.039387   113.749698
22.849592   113.709954
23.013723   113.767861
22.913478   114.007215
22.813916   113.81585
23.091486   113.733677
23.018409   113.931099
23.061404   113.745668
22.857311   114.16751
22.745632   114.132189
23.039652   113.793757
22.821741   113.796559
22.996231   113.842775
22.849609   113.635105
22.845934   113.677471
22.921877   113.970559
22.797837   113.7765
23.047683   113.965833
22.799248   113.734852
22.828959   114.219065
22.988497   114.020475
23.031403   113.998336
22.747349   114.11389
23.028009   113.924963
22.823346   114.190013
22.979523   113.868991
22.926757   113.931721
22.778333   114.041517
23.041146   113.793387
22.861333   112.713124
22.862543   113.140443
23.097502   112.983289
23.206301   113.090166
22.783929   113.280208
23.176257   112.84429
23.044896   113.134245
23.028507   113.205598
22.95841    113.083468
22.870735   113.070645
23.031824   113.131483
23.199288   112.862711
23.044966   113.070853
22.828449   113.186879
22.957645   113.046727
22.90844    113.084222
22.851031   113.208916
22.945842   112.992485
22.886559   112.815505
22.865052   113.012977
23.218288   113.124721
22.924002   113.078846
23.10474    113.185962
23.064156   113.132635
22.946046   113.093371
23.018008   112.928569
23.062639   113.085754
23.081462   112.963963
23.158548   113.097191
22.890848   112.908035
22.910516   113.222848
22.837338   113.269796
23.217125   113.193624
23.035598   113.072124
23.131878   113.152314
22.950558   113.200507
22.746692   113.269884
23.20048    113.126703
22.811849   113.145181
23.054558   113.077375
23.187784   113.171703
22.976627   113.224839
23.045332   113.177387
22.861972   113.174019
23.176661   113.010389
23.029895   113.18301
23.031897   113.198752
23.063001   112.952244
23.03844    113.124528
23.242116   113.113577
23.1013 113.185484
23.11445    113.186448
23.068396   113.18246
23.039637   113.113535
22.966175   113.092774
22.849746   113.011734
23.091763   113.003852
23.067008   112.967578
22.905481   113.09496
22.922027   113.22959
22.77301    113.262919
22.896958   113.046817
22.873854   113.080458
23.09287    113.196772
22.833412   113.222219
23.187311   113.15181
23.181887   112.963401
22.918387   113.083775
23.041151   113.116029
23.028549   113.108267
23.140438   113.029602
23.03649    113.151936
23.049063   113.162249
23.256482   113.157934
23.024469   113.123242
22.787911   113.123442
23.089051   112.953818
22.882888   113.079766
23.181886   112.960073
22.875004   112.960342
22.841984   112.623743
23.146479   113.16745
23.025707   113.201287
23.159015   113.175273
23.078122   113.106922
22.992381   113.205443
22.907445   113.166922
23.279771   112.95282
23.047825   112.892575
23.032175   113.058428
23.14642    112.964127
23.119823   113.209463
22.841116   114.108676
22.925371   112.924259
23.001247   113.072967
23.037019   113.134502
22.547083   113.963737
22.623677   114.117077
22.519363   113.920024
23.585306   113.524752
23.1972 113.341247
23.264825   113.78339
23.378745   113.451695
23.235479   113.310501
22.989233   114.015563
22.840749   113.713928
23.019999   113.304801
22.771888   114.087366
23.114535   113.359365
23.113707   113.194624
22.620784   114.142396
23.233479   113.273647
23.165246   113.229868
22.947583   113.155394
23.552925   113.59388
23.006205   113.125956
23.109573   113.189996
23.103535   113.239467
23.115734   113.284565
22.662717   113.868257
22.715165   114.16351
22.711769   114.233943
23.179127   113.232607
22.959082   113.688505
23.04612    113.77029
23.17939    113.232624
22.677596   113.943079
23.11535    113.287375
23.138009   113.339948
22.648431   114.025186
23.189477   112.9031
23.346159   113.291179
22.934163   113.661179
23.197974   113.362159
23.207299   113.219847
22.732855   113.913579
23.095291   113.268316
22.751659   113.798215
23.005873   113.941863
23.132753   113.389921
22.541893   114.104769
22.783063   113.883553
22.801885   113.809194
23.140609   113.276638
22.736689   114.014507
23.114157   113.861517
23.076772   113.285325
23.185425   113.328208
23.081575   113.255523
22.9547 113.380502
22.838986   113.19525
23.235565   113.313338
23.114962   113.550644
22.616369   114.169655
22.943723   113.092554
23.136097   113.391523
23.081941   113.340145
22.688487   113.950857
22.538541   114.017808
23.151366   113.33294
22.981142   113.319482
22.642198   114.057303
23.202877   113.224004
23.135027   113.391975
23.09353    113.97741
22.900134   112.901647
22.99176    113.884259
22.594962   114.131239
22.691853   113.793094
22.567707   114.119228
23.114022   113.287397
23.12621    113.264437
23.262857   113.362453
23.1394 113.329564
22.653325   114.055072
23.150466   113.2571
23.142575   113.459695
22.666216   113.870892
22.591455   113.85078
22.557764   114.053106
23.176335   113.278514
23.046553   113.380583
22.567335   114.049928
22.59598    114.122261
22.604491   113.884646
22.546566   113.919158
23.119893   113.379039
23.027139   113.325241
22.762004   113.884499
22.719648   114.217649
23.178014   113.271324
22.740831   113.830542
22.640204   114.19104
22.735581   114.021474
22.67872    114.00856
22.682929   114.375702
23.254538   113.280497
22.643088   114.077496
23.32926    113.235614
23.113186   113.456276
22.692526   113.808621
22.692011   113.935795
22.877694   113.313253
22.95994    113.346143
22.676616   114.019238
23.367849   113.372406
22.696592   114.080521
22.688898   113.941172
23.129741   113.466657
22.753612   114.387122
22.648044   113.841368
23.09828    113.326104
22.590931   113.872062
23.292381   113.840487
23.2046 113.432343
22.761396   114.370497
23.126289   113.42732
22.614869   114.122876
22.758745   114.25131
23.198481   113.410804
22.762562   113.829352
23.5633 113.475857
22.55392    114.096056
22.571959   114.061668
23.136125   113.260912
22.966192   114.139648
22.981998   114.002272
23.11394    113.840691
23.061539   113.819426
23.046685   113.787325
23.039433   113.973821
22.948656   113.857529
23.120339   113.823403
22.937492   113.675092
22.986327   113.912095
23.115301   113.762285
22.820322   113.985404
22.83517    114.198
23.076061   113.733896
23.066181   114.022867
22.922346   113.928126
23.049183   113.780553
23.027713   114.031215
22.785018   113.787249
22.928183   113.739975
22.808677   114.14749
23.058886   113.791876
22.862789   114.120386
22.827093   113.691586
22.814336   113.680441
23.01484    113.933518
22.79587    113.796218
23.181584   113.211855
22.825403   113.274805
23.033969   113.0551
23.042646   113.15652
22.849891   113.264191
22.777089   113.253881
23.081293   113.183563
22.953825   113.083441
23.116301   112.869282
23.064088   113.111914
22.894359   112.884605
23.12433    113.109483
23.184704   112.86817
22.837311   113.257526
22.788347   113.820687
22.642329   113.940914
22.550191   114.045756
23.165025   113.494401
22.648168   113.934028
23.175625   113.472175
22.669112   114.136192
23.268087   113.301635
23.088394   113.330061
23.077559   113.269359
23.042548   113.281709
23.128426   113.606336
22.743525   114.019736
22.735774   113.8453
22.677719   114.319408
23.045783   113.318957
23.13433    113.325261
23.092579   113.326677
22.762143   113.808743
23.080988   113.339109
22.810679   113.848659
22.615443   114.125244
23.145345   113.324224
22.668722   114.031515
23.119504   113.34438
23.132648   113.437797
23.047881   113.453861
23.200882   113.267982
22.721676   113.921097
22.701443   114.347332
22.609817   114.130732
23.171964   113.496133
23.02919    113.331874
23.152881   113.369335
23.396451   113.215319
22.67529    114.026051
22.800291   113.915077
22.555842   114.131389
23.124553   113.327841
22.743681   113.838079
23.149271   113.295089
23.299863   113.35164
23.146261   113.227406
23.203258   113.229655
22.803578   113.88048
22.741117   114.041342
23.209231   113.555487
23.238443   113.285521
22.921528   113.37898
22.69373    114.057432
23.25202    113.264606
23.215302   113.336174
22.701362   114.000439
23.096097   113.381176
23.366579   113.399901
23.108882   113.578363
22.921637   113.378999
22.696556   113.845161
22.494063   113.939516
23.147686   113.255173
23.014966   113.330859
23.152359   113.235196
23.199756   113.227689
22.619811   113.849949
22.726269   113.920876
22.685402   113.988473
22.74019    113.921597
23.081526   113.219005
23.209195   113.247869
22.595645   113.867961
23.101793   113.333964
22.759714   113.904866
22.804594   113.880702
22.955161   113.461607
22.943258   113.412968
23.392431   113.226045
23.26303    113.243488
23.273877   113.247424
22.693583   114.362754
23.099167   113.262162
23.120488   113.371238
23.048058   113.387189
23.029619   113.317787
22.652855   114.055381
23.392352   113.219908
22.751922   113.578058
22.697844   113.815985
22.721198   114.077826
22.527525   113.933356
22.622626   114.1638
23.166063   113.242496
23.469043   113.162896
22.546174   113.976207
22.540824   113.922639
22.671491   113.920377
22.730032   114.065075
22.803059   113.881091
22.582286   113.889842
22.892953   113.410004
22.537432   113.926899
23.155817   113.378966
22.568373   114.102633
23.100669   113.350425
23.112882   113.229895
22.956544   113.411829
22.808094   113.897042
23.110039   113.473598
22.699153   113.945862
23.167896   113.390573
22.622822   114.031131
23.374725   113.210067
22.97827    113.35543
23.466244   113.368883
22.545679   114.133723
22.613007   114.129267
22.964789   113.431002
22.996967   113.355869
22.562913   114.105983
22.593345   113.990382
22.667422   114.00305
23.06335    113.316799
23.058123   113.209894
23.141363   113.275715
23.339706   113.305417
22.654059   114.040726
23.214378   113.286936
22.65472    114.016713
22.549971   114.131318
23.258496   113.276614
22.541455   114.091181
22.621286   113.870582
23.134027   113.388363
23.05402    113.870366
23.039768   113.71544
22.810973   113.72352
22.823269   113.681592
22.76769    113.798662
22.769526   114.105348
22.96937    113.767053
22.761235   114.151974
22.929345   113.66229
23.053699   113.958475
22.798649   113.782269
22.976325   114.085426
22.801761   113.724562
22.963595   113.678648
22.948517   113.939403
22.920015   113.865418
23.014449   113.840248
23.043474   114.067686
22.962496   114.180187
22.961047   113.923816
22.987346   114.040265
23.093705   113.784069
23.105495   113.985255
23.042227   113.832825
23.016329   113.710283
22.832212   113.689163
22.8204 113.755576
22.910525   113.998527
22.933476   114.04144
22.816792   114.156049
22.85065    113.642003
22.765165   114.150772
22.848728   114.183671
23.070594   114.007934
22.907607   113.662132
23.097143   113.944739
22.9731 113.736391
22.962249   113.936295
22.905281   113.866005
22.956593   113.885066
23.012891   113.7361
22.986687   113.95669
22.726013   114.17454
22.980136   113.760893
22.761861   114.169312
22.770499   114.093328
22.970974   114.140149
22.927461   114.123809
23.056917   113.972694
22.857635   113.731079
22.969485   114.154996
22.958535   113.89069
22.98412    114.012715
22.805842   113.838947
22.867798   113.848589
23.188125   113.205387
23.158884   113.09294
23.197335   112.885419
23.116108   113.167781
23.10461    112.99215
22.87546    112.936851
22.816468   113.374217
22.848344   113.022846
22.947788   113.274266
22.758389   113.33981
23.197404   113.164752
23.039749   113.149592
22.859167   113.238154
23.17893    112.863593
22.850486   113.155671
23.154408   113.17362
22.713492   113.158742
23.04329    113.105539
23.258386   113.019837
23.190689   113.092035
23.122746   113.192885
22.82251    113.025002
23.05918    113.115516
22.983303   113.309809
23.140365   113.344485
22.538913   114.065357
23.087982   113.25839
23.127697   113.310772
22.708843   114.093508
22.967164   113.996381
22.940836   113.649068
23.126932   113.660297
23.252279   113.233557
23.018857   113.07747
23.015994   113.76411
23.044736   113.832363
23.059438   113.776895
23.282362   113.331886
23.146495   113.111215
23.108456   113.239011
22.729527   114.256978
23.092183   113.334395
22.559631   114.133602
22.785964   113.747859
23.04801    113.401632
22.667073   114.021308
23.100183   113.337437
23.135042   113.328932
23.180978   113.353962
23.115794   113.550495
22.711261   113.811977
23.463938   113.283324
23.109659   113.23763
22.625287   114.15775
22.567391   114.181531
22.562082   113.962821
23.388962   113.213867
22.544267   114.10969
22.73447    114.293377
23.126134   113.430484
23.113299   113.2858
23.190896   113.34069
23.123978   113.267879
23.297187   113.309771
22.524853   113.932363
22.554932   113.947665
23.036541   113.294234
22.677466   114.007083
23.097177   113.794141
23.025983   113.16049
23.191485   113.341252
22.960654   113.356821
22.588816   113.971681
23.09324    113.161075
23.176391   113.265977
22.537965   114.083933
23.125325   113.415681
23.095389   113.364311
22.73711    113.836685
23.089928   113.524417
23.114597   113.437809
23.153595   113.33432
23.041501   113.317763
22.516122   114.050897
22.678757   114.000754
22.582619   113.879685
22.631252   114.220208
22.709633   113.795383
23.106351   113.256934
22.494423   113.940057
24.293405   116.122526
23.158466   113.204456
23.183163   113.351206
22.79171    113.750679
22.820459   113.241417
22.944018   112.84557
22.989608   113.13176
23.260226   113.785591
22.868659   113.456987
22.542164   114.085394
22.641969   114.429571
22.553168   114.08732
23.103622   113.459465
23.139774   113.267231
22.616148   114.113674
23.11996    113.394607
22.541287   113.974886
23.048139   113.399886
23.138078   113.361953
21.53332    111.229119
22.686509   113.982837
22.597055   114.268835
22.989311   113.254156
22.617745   113.84745
23.282406   113.34135
23.11935    113.297393
22.78981    113.915402
22.697284   114.229877
22.73786    114.017811
22.897819   113.669414
22.635813   114.068462
22.667868   113.996969
22.764687   113.818122
22.559829   114.142063
23.049722   113.401725
23.220557   113.301598
22.643389   114.194805
22.914986   114.0613
23.068304   112.851532
23.045104   113.09069
23.058126   113.113304
23.054918   113.412964
22.785235   113.390047
22.557314   114.237851
23.222086   113.299249
22.657737   114.045913
22.724736   114.075841
22.535841   113.92102
23.114495   113.283361
22.65537    114.014637
22.607224   114.135821
22.635943   114.19549
23.127199   113.368326
23.086145   113.344864
22.607974   113.869058
22.669242   114.03156
23.152238   113.352632
22.6343 114.08765
23.091579   113.536227
23.130042   113.261542
23.057688   113.395357
23.234287   113.302009
23.093022   113.385584
22.660771   114.051308
22.571383   113.869454
23.08144    113.314419
22.925945   113.365381
23.036259   113.795512
23.035068   113.77925
22.796321   114.159845
22.94227    113.268151
23.4561 113.28
23.58785    113.619693
22.673385   113.942687
22.648069   114.036209
22.60285    114.118211
22.615604   114.114983
22.710186   113.804501
22.647217   114.192165
22.699995   113.797405
22.509002   114.057133
22.735088   113.840217
22.710357   114.24983
22.708666   114.247744
23.049141   113.394477
23.222997   113.609213
23.30871    113.575233
23.126572   113.317045
22.80265    113.845027
22.549708   114.126191
23.1441 113.336
23.372588   113.445166
22.48433    113.910578
22.534348   114.075145
22.640956   114.190426
23.131268   113.394681
23.092992   113.385417
22.779598   113.767788
23.018359   113.998026
23.027314   113.146958
22.641634   114.218031
23.106249   113.218555
23.147679   113.251731
23.103251   113.278701
23.105029   113.325525
23.12345    113.303099
23.173973   113.264768
23.132375   113.192373
22.601552   114.136552
23.188935   113.330106
23.140092   113.268413
22.51238    113.931471
22.558309   114.161286
23.198685   113.360937
22.800504   115.374799
22.752244   113.87611
23.214208   113.225269
23.118348   113.248571
22.703625   114.236176
22.528654   114.053635
23.071442   113.891204
23.170703   113.464494
23.148752   113.351212
23.131781   113.272225
23.063448   113.289247
23.022259   113.965266
23.159187   112.834761
23.103973   113.270764
22.807693   113.850308
22.966469   113.017223
23.258072   113.315579
23.029455   113.233272
22.68551    114.16409
22.956234   113.364883
22.656633   114.025402
22.545845   114.107986
22.656513   114.088355
23.161377   113.271094
23.157744   113.432903
23.316914   113.605555
23.355583   113.149094
23.000026   113.662626
22.781126   113.243096
22.720263   113.811609
22.923575   114.020889
22.743748   114.263625
22.659456   114.012307
23.1831 113.34978
22.574637   113.894997
22.850577   114.158236
22.655628   113.927887
22.564083   113.899875
23.123324   113.634497
22.782264   114.323155
23.189315   113.270151
22.934209   113.847286
22.554156   114.08928
23.193221   113.334035
22.531045   113.925047
22.639528   114.043671
23.140301   113.386469
23.233649   113.278354
23.129889   113.405613
22.932951   113.648792
23.264235   113.782869
22.840505   113.277245
23.069415   113.287606
23.333446   113.301736
22.693506   113.994101
23.133238   113.239864
